15237.0033180912
13718.8805435063
3812.9158892337
2688.1642521848
1776.3324491329
-10091.3349720883
-3484.3757817179
-4235.3026018377
-3787.6134689617
5824.6469605755
5187.6109368727
-3796.2066479542
-7788.0395681940
2711.0651734347
-4090.2069522905
-3204.8397145106
-2202.4124675826
13150.6078445381
6235.1415855984
-3884.2021690739
-13194.9034549581
8042.3405244259
-3950.6977637686
-526.5885732668
-1035.7626301563
8491.4255174192
3935.8740244128
-100.6570725734
-6693.3398247016
-3588.0065430895
-11544.0398966158
9297.5494221492
-9272.7478129907
7398.5457820339
5725.4219113180
11161.2198936269
-5111.1040927422
-6899.2910873030
7663.6463308733
-810.3155740247
-8259.2708770702
-473.8498873340
-3840.9565936804
14160.0602727981
7614.0496607061
-9064.1658168656
-536.3275043143
750.0092657347
-5721.2959000252
-6247.3146290508
-7625.7580781670
-1109.2873079559
5312.6431794341
-688.2110877410
16094.2048953376
-4084.5279190173
-177.4538417967
-2097.4876688111
-2043.9539984386
9088.3765074560
-2686.9222514128
-4232.6403955382
2908.7026599366
-1103.3812249932
2716.8160036367
-5474.5512411412
353.3179689905
358.7464599049
-8355.8499381662
15983.2307948013
-759.9218338650
7950.0335093000
2527.2976873720
1572.2006667910
185.7374062741
-9132.1246451379
14225.2008767352
-2160.2213241804
-2699.1008790485
-5375.8888987500
6071.7447435605
9392.4223696103
1394.5960261593
2699.0249384803
12629.6673922409
-1041.8420531806
-1175.8989609902
6660.3148236863
-3824.2973795162
-3786.2907653912
5071.2008394079
-96.8297470184
-8131.8184293571
-5387.5508890762
917.8472944325
6111.7197429532
-2127.5331368151
3000.8343965583
-10261.1335758577
-9671.8685161542
-2973.5742078986
10095.9338308169
-1675.1572219910
-3190.7449918186
1432.6064282558
1010.9937412884
-1852.2376756149
12412.4229523768
243.6674935958
6751.0969539362
12694.6796249593
4886.8323166173
-1436.2433326546
783.4215500648
-730.3991567101
-4180.5870041711
-3816.3495860018
-3287.1511491746
-2412.4379639955
-355.5844808513
9415.5858491395
3643.9487746473
5040.7322228105
-3829.2877485346
6332.0856621473
1575.3709346652
412.7073228328
26.4068610905
2057.6174179588
2329.7478780641
5709.9289758635
1077.7874859807
883.2921391334
7961.9491323064
1800.3097986296
-3094.3149526524
1429.3730237546
-3983.4039532099
-75.2471046676
4212.2497996875
893.7329579142
-6005.2092983759
-5556.6044314784
10028.0568921550
-4144.3658641051
4264.8257234669
2898.5987009764
-4104.6737989806
-6379.1524333048
809.8299352207
8835.8380903167
11758.1599906856
-14700.7721319859
-3561.3584803771
2009.3762520227
-4152.2280708159
-6026.9169397482
2031.9240316082
7491.8835636162
18805.1210822836
2138.7426874920
10602.4762520014
-743.5142128588
4728.7061681931
4797.5220104545
25145.9622970235
3411.4019975272
-4399.6153637270
-5794.5351999210
732.5009464497
8359.6268595263
-9578.8442096879
-2473.3130890716
2072.6132711935
1245.5826104807
-3264.6845498286
922.6100998200
11213.7313919532
1806.7066339368
-15783.1274691262
4713.1847188055
-2356.3228489079
1220.4238889805
-3217.7370983216
-2500.9398366753
4536.2242542267
4892.4295210652
-1476.8786720271
3879.9035801122
387.5628983299
-2085.1024148877
11077.8780925889
-3291.7097473818
640.4006773735
2612.1140191318
-1264.8443805773
6245.1157565856
7257.5460102559
3914.9483449140
6346.8743078269
REAL 273.0000000000
