-2585.4949932477
-54.2167332163
-748.1346599719
741.5354345164
2950.5379632112
812.7529714181
2027.7473669091
4409.6789834839
1412.5814010932
-1784.4161174843
-318.8773942920
1012.1509610867
2555.0632213814
-2335.9610829079
-246.7735309975
-2294.1708925268
1880.6755235269
1121.9019939017
-3239.5095532948
-837.2026308221
1068.7879106276
477.1783610952
869.4505692758
1545.2800869820
-2672.7114188121
2176.5347869055
3305.2942913089
1454.4837038682
1555.8774914079
-1613.6593017687
634.0712676497
-3836.3132944180
1422.7500980303
2922.4819037516
1218.7076477669
3204.4547813361
535.8022109632
1222.7900979790
2424.3355755117
-1039.9858498823
-679.8995208904
-2327.2220029946
590.8259709964
1530.5091401764
-166.7019724484
-1168.1285161305
-200.5382768530
-2867.3062559056
-1851.7541380429
-1540.4645023701
150.1119409087
-2337.4224374697
1808.5522707600
-1364.9719316744
-12.7326086887
-1957.0178719448
-346.9663394795
2722.1946312820
2393.2274770663
-2232.0940437655
3576.9384977042
1447.5386047947
-856.5486999481
-1912.6385060584
-1433.1380024234
-2869.5418487633
837.3513603660
2515.4689595141
1130.9485825072
397.2774639088
-622.7216995279
1113.2147682139
1927.2053172401
294.4422360045
1257.8563444579
-1012.4644851331
1160.7890250805
414.2174995839
-1243.4372464446
2318.6211983307
1202.4194922626
251.5413880170
3020.9583656265
891.8406580108
-425.7499931212
4036.9508420459
-1857.8127560451
2015.2782578498
-256.5792941915
-1213.6674026242
2353.2170613567
5.5006568834
4042.4110508685
-25.5516946386
1144.5631335925
698.3895016879
-2949.4729109046
1655.8954604535
1046.8962190341
1365.1523005416
1528.2707447423
428.5265490850
2109.2851975716
-1121.0569541428
-1097.2933908457
1076.1884501774
-1485.9394559542
-1127.6676318551
3429.8105838606
1338.4668906499
2766.1884609005
304.3157583712
226.9452611443
1034.9551924880
-1842.8194816040
-796.6231483103
495.5734578094
-2335.8703859329
2331.1700979592
-3281.6503891457
926.6125616556
3451.7151009908
-1262.7940753943
-2939.2873495601
-17.6278801125
-215.6479772882
-2379.2407595745
-318.0128358583
1101.4419398849
-2021.4003532393
5408.0272248813
-59.4083438855
-1701.2328058700
-2940.9675394675
-2673.3157398172
1899.3680966499
2769.6225412412
-1176.3210279346
499.3446413948
1925.0741998796
-216.1663883452
-715.6061490009
-3308.6010758339
12.8719417611
1612.6822484503
1807.5585081259
-1162.1225411264
245.4230785214
1021.3976082665
-643.5004669877
1593.6892113913
-19.2989802419
-4233.9902148082
-3971.7739422298
782.2386981336
-1435.9808340026
1067.3471630034
775.0012412956
-124.0280337825
287.7482271991
-2000.1414592934
-2097.5146310508
339.1321624006
3664.8130652569
-39.1053486612
3151.9971822079
-1828.7978494684
-1453.8212284199
720.8013454320
2743.6466295829
-1711.9138833763
-485.1594688332
460.2447534299
607.9652836739
-3332.4529868002
507.1881456317
961.0212864152
1304.3958528967
1078.1147365047
2483.5118934582
-1320.0922327380
1262.8626053877
-3327.4102932642
455.9583814420
1352.3437112500
2178.8892102172
-767.2314465973
567.4966836254
-3870.3091946218
-1968.5353270758
-2983.3437426862
-2281.0703365967
1393.3835390669
-205.3717723708
-4246.9283214108
-1731.5382252258
-2103.5625183544
3135.6892712943
3166.2977702197
1225.9121307032
REAL 273.0000000000
