-2.2702377648
-191.6392693361
1038.0760346647
277.6077171596
-95.8992473605
-52.2226517833
-220.3048614559
776.2640348556
507.3318382311
232.5952068886
508.2994372229
50.4959002978
-133.0841107559
121.8615437254
477.8640287919
11.9236225268
106.5574105080
-109.0106853983
206.2676383026
40.4547694314
196.3775723973
374.8392199597
434.7061765109
669.4907791910
330.6406919651
96.1290482254
444.6359911494
316.1621557655
228.2850635044
822.9736380677
-126.9177982213
770.9252447229
28.4140402858
609.9577158925
246.1888225799
577.0051714902
413.4864906908
964.7338976656
285.3387210955
-85.5696442790
796.9640888906
868.9783961988
180.6190682797
-44.9224106529
46.3874862735
-1.4350746142
687.5896644205
53.9419259472
5.2912680818
1136.4610121899
286.5850221642
351.2219704250
-278.1129500183
-47.6027919380
1299.7153825252
414.9276983565
623.7818049384
-211.8638652619
515.8249318011
119.2710684665
449.7068048455
367.2344917400
712.4343639770
318.3983300642
668.6303271860
-205.9926775824
464.5707120338
387.8725630056
626.1283303526
-508.6889630956
-196.8936480624
68.8848783880
295.7395592214
714.3195657626
415.2598747033
-237.8609480802
37.5409250059
280.6077100563
458.2843524038
194.5359241391
274.0983063537
646.9303441772
97.7285239079
234.5867900540
314.6113269924
106.4260113797
18.0052488334
-290.7432204789
-218.0812994173
1857.7919297905
120.7015815598
781.6250003746
860.5505539620
0.6451412370
739.7146294879
-215.8898289484
264.7371483388
83.3142997652
164.2856181644
-262.6175356248
-182.3622437554
486.8479792103
302.5322844913
390.5168683194
497.6595313963
414.1897624612
418.6013162742
499.3997497286
208.0787021963
241.4298072117
18.4256085590
-143.0593020461
109.4987112384
208.4062646044
-47.6217780293
140.3626164838
769.2600156930
-1.2067956246
269.8212034769
485.5156708389
158.0617975038
325.8943686480
302.1790780623
445.3232392690
-144.1654678701
126.3733188518
327.8473159853
523.5689890174
698.9693163079
204.5354262358
986.7889552344
677.1591040321
378.8978606319
652.9005627267
924.8556333248
77.6651360186
500.5700791076
55.4863782813
399.4606299562
-126.8140181014
1351.5411240699
292.6673666318
596.2954865925
663.1546577816
1298.7675035773
1493.9224792973
82.0220093199
-144.2075444022
481.4274914173
8.1019515235
-520.7482054674
365.5886751778
669.7322486013
1275.9245098305
665.7980032087
-19.6094086987
621.5100885692
50.0990315123
418.3784234038
325.2943047342
340.2743987086
255.1074079769
-37.8724275340
370.4510679148
258.2030746686
550.9499454481
789.7425056864
305.3096630849
471.6096162263
-265.5491526072
1094.2308230838
-65.7300497491
-151.4718697734
-0.3882291152
356.5527686525
175.7604015454
433.6654587646
-54.8860266412
274.0087646725
175.5092478884
-367.1318797052
93.3129910572
564.8086852407
611.9484766691
31.6944589875
350.4515133426
10.9595564904
-239.8293681717
176.2214222625
49.1240128294
421.6005836770
582.2751644506
143.6209625735
526.7658906963
425.2410194744
434.6846070172
361.4870582829
178.2703072314
116.3443798063
1032.1638971642
REAL 273.0000000000
