-11380.8601834263
3225.8914967480
-23225.8723771639
8150.5618849610
-20673.3893852910
-5174.3089594615
-1529.6104835408
6126.3805752008
12605.0456733069
-14264.5503674645
-1172.9144003512
2731.4066135744
14754.0373037461
-2186.6917636003
26480.3029275085
23218.9747380797
-11401.9831669274
-9042.8794264406
208.2025110409
10153.2646789599
9294.9686459001
-30494.2892157317
-5467.4697241212
29621.3072679621
-21037.1212112728
27422.8173410236
3022.0576006254
-7660.9425246980
11608.7683976832
60.1424042381
32546.5345807956
13321.5250945602
2746.1444891288
21789.7732872365
27037.2047224833
-191.9627500347
19410.0719255471
6398.0644640075
-4173.8806872333
12459.0419725498
-21940.5503987379
23220.5520516930
-18558.4574994978
-34610.5118179666
-9589.6211038156
-7757.5787588888
21018.1582112348
20154.4716355745
-5881.4503280875
-24334.2965342233
14913.9559652056
-3099.9504764726
-6726.6297066819
1968.6751487938
-3555.6597210335
-4762.9259125533
-32376.5447876668
-28214.5179146493
8448.6978597023
4025.8101766086
19198.3498396693
-10449.2770400507
-1134.2259184577
37299.2231343843
-27800.0559078410
4921.8109902972
-9230.1183523490
-20713.7490696955
-16759.9194969222
-15916.2154503128
4352.0160252685
-10382.3986379472
28479.4011791677
63827.0456300937
40031.4789165010
1268.5584312955
11128.7020995153
-6636.0412925828
-16317.8042871833
-29676.6411625074
16035.6688598711
3735.5948619093
3486.9424434583
-28376.7305333256
3854.8360089358
125.6345446914
2338.6557249021
11256.7206541162
-21549.9527496273
-27581.9153804427
2099.9513344172
-19543.6700960603
-7544.5388367106
27380.0277620043
40178.6719711799
3812.9985770079
-33150.1549735457
-3678.5115613067
2629.5365875656
16406.1442912105
-3527.1323966616
5442.6710482524
-10347.0923458052
-19152.2034935338
-30359.2954198153
61399.2653936967
6467.1693064668
-13005.3063993311
31493.5409479974
35985.7433404572
-15155.3480251005
-8653.2881806730
-37787.2985120536
-11626.6404692535
5365.2167768214
6190.9216131260
-12323.4866424831
-26319.4488076277
-3555.2102410635
41344.0904280221
-22556.7238306574
120.7616495363
13460.2845447353
-11212.7514100341
-8480.8522115201
-11593.5953850676
29333.0488271017
-12655.4353583650
-19327.6597879687
2228.9229762979
23804.6676907587
-11572.7921662293
8813.3315217531
-15443.0569955588
4079.9564864446
10212.2265262655
1766.9246424994
-549.8372325522
1891.0885281392
-20490.9011705503
-11420.0357535731
-7699.3441904262
18335.5037994852
6325.7329423611
-4907.7972045212
-5775.2419042750
-3521.9107605410
-5574.1082344541
9846.7059713914
53135.1248872047
-2461.8504790720
4803.2740803023
28539.2170486044
7164.6729390010
8093.5398835824
-21092.9566420583
27664.7213542467
5072.8872028358
-5040.0389363472
-25275.7282768052
11840.6594456251
12796.0308515210
-20458.0625605525
-123.5245280968
-17515.3673364922
4407.1574097275
30253.5409950641
-48310.3865042603
-17612.5261201228
-11263.8188275597
-14084.3882582792
17685.8966076529
9481.8187314536
20989.7961397771
-234.3497051486
12463.3737064770
-16843.1709446004
-9325.8140471693
6049.3243969453
-37086.5390971169
-4665.3888452847
10617.7369898405
29586.1344720451
1600.2474776765
25789.8518321731
4673.6060361912
-14191.1789967999
4579.2856274145
-11157.8841389576
-15943.6261814416
-5163.9449354981
-6605.7833901786
-8000.2352598656
18147.6524908695
-937.7805050508
7959.0494404093
3907.8699077029
-7576.9052809335
-8944.4097354837
-22584.1780815270
REAL 273.0000000000
