85088.7169446360
247948.9544907274
-48371.9625225755
57068.7391918263
-83644.2462133435
-32597.7629952999
-18874.0177252334
-3224.7339814503
-27425.3728254952
-20913.8351124888
-73526.5615756931
39310.6085743731
117004.3256719047
11642.2833249681
120866.3578648588
-47439.2177751682
-82547.2256071574
56876.4359065305
40170.1762744070
154253.6415815960
-57974.5191691358
80517.0283081766
49066.1736994838
161671.0837272947
18716.1641254667
-16103.7849240260
-27710.6116825030
79729.2285248678
157066.4058935282
-79599.6922130116
-113504.9888024428
-78619.7136687080
15686.5616603181
37433.3427352186
229501.3672338419
21790.0844557855
-4708.1758314582
58739.0233731412
-4080.9120805817
158703.1760145559
67677.5455226573
41869.8035399392
-30333.8005107117
4987.9998556943
101086.1445129854
52336.2553619813
209798.2691916661
5442.9553362656
-8840.3599122350
2971.8242067727
-26607.2368071920
-13760.6652534996
112591.6422924366
25817.2984465861
-9879.6641816486
-54047.3097036630
21040.0015333282
-7722.0731429457
13419.0715900521
-44663.3607561167
146788.1632346138
232479.6117571427
107740.0207494182
79811.6075417124
-6695.1095045399
15386.1468954589
12380.2296810165
42232.2437278907
88375.0442722546
170015.1064105639
76925.2449978901
202837.0531773655
48353.0576615170
-90885.6715162976
-46193.5822351509
-81044.8403607290
-61612.0505410148
-124119.6253462925
-97267.8020779248
-55959.7956089966
-39647.4990819393
-41833.8199033240
80661.8995752212
-17699.6142820591
37737.2052943145
15414.2255821374
-13001.3321049298
-15240.6258556412
14646.1416918605
-651.2190556381
13150.5562519797
-65086.7489204906
105883.2281756966
-38774.0976747880
-52939.6640390586
16914.2776374408
67700.4584421854
-38853.1530329843
-58368.2143169564
-105341.3443555490
23509.0005828083
61197.1927810633
3329.8418296460
35047.2976398045
26057.5023033424
52238.0031040967
-37792.2871810198
25204.1497983379
52008.5616176439
11797.7510218044
22867.9436997364
186287.6751607169
-65841.6644891067
26040.2412440232
-61964.4184427902
115419.9469497643
130220.3545670386
28636.6555107541
-47470.5666999891
226111.4430402758
70349.9375630010
178376.7996306907
-40211.9363439721
-70326.9670174709
2617.0654837947
-66499.5789090894
182040.9301683794
-15910.7911064954
40596.6053419421
-142959.4216257461
48834.5387056734
32315.5040536606
16184.6018365429
-59844.9081141721
13588.3741810118
-89010.3859139667
94037.4277437154
96950.9469312583
-27582.3834227036
-6967.9243279986
19014.0743004285
24266.3859933772
125686.3314648847
34052.9833661216
30678.8135521001
-35519.5966312615
36863.6486531341
-67754.9505269444
19052.8214667076
-47658.9148563080
-73441.1926986700
29308.7305783928
-68686.6240127072
43957.2801714117
48706.6697204441
139291.2073653962
-38188.9518710836
-85149.3784898663
-66641.8532975772
-40066.2440641079
-50368.0397474278
-21592.2962941353
10588.6763530990
-43140.0645215391
-6080.5895925730
-71420.1966495999
113044.9615950235
29523.8387886012
-3667.9969039732
-42652.6727979305
93830.5563245515
-14671.6586226635
102996.3077859261
-113026.5269944994
37366.3389315018
170057.6472799876
-13367.1602376219
167561.8096611232
126090.2906364612
73290.8150313391
-19527.0562609464
78605.1941429552
-56757.2418270109
26459.4370335775
29348.6079046679
-46166.4491790235
-11328.1238047638
-13645.9452904484
44053.2307770342
-495.8348614190
184342.8444206010
-58543.5545849536
-3982.2706546882
47022.3117455417
-35029.9228049781
120923.6814363325
45210.4201271291
69645.4046019311
125306.6389778497
29810.2481256875
REAL 273.0000000000
