-4552.7712452601
-6450.1410454764
6033.9977197896
672.5538720982
3953.5576430402
-975.2503518669
2980.3013752683
-9.3824399751
-5242.1672488320
5145.2884820252
3222.8806006021
-11326.0430023227
2239.4975391943
680.6722656034
1335.7319383443
250.4134495655
1626.4046481207
1411.7329469770
3420.7201653504
-4051.0116076807
-4387.8312287597
7224.3939449930
-5475.3909101063
3691.9383480620
1505.5365156379
-2909.8568938520
2976.7320456842
6790.5575021481
1148.3385253690
2154.5372256902
6927.7286769318
-1234.5030643794
-3254.7380971390
-1763.7757550815
-2785.2928632558
2570.7798032270
8468.2909147467
2365.7785028469
6191.9629541272
-819.1479745610
-4502.6555846888
2740.6892168141
305.4944216993
-2063.3033707165
-834.3565618101
-3296.4512860924
5205.4590484303
1256.1387382703
-954.4527566861
-5542.3773025661
4623.2854362281
5410.8641094371
-5796.0453988913
303.6588735997
4460.7430363469
2657.4068062725
2326.6636373122
250.0025287741
-1412.8489645934
-6153.2688996726
-585.5881859154
758.1584787059
-2531.5842307712
-4195.7071826161
2373.8412348070
2254.1941796372
3395.1429025145
-2340.1249270016
3033.4960639336
8227.6124817001
10545.9914520809
-5266.0616256739
4946.5670260796
-5663.1705003171
-2989.3818987191
-804.9562394146
-560.4211462502
5350.2303985635
-9736.4039063848
3852.2954256129
-7021.8142852012
4514.1879191577
726.6456773476
-2150.6597592121
4002.8024648742
9259.3491759782
-1074.3784319128
-4884.1152045696
3556.9553295012
-7663.9663464577
-3906.9659971145
-11532.5755064617
-3012.8347092443
-347.5423808476
-989.1224673285
1864.3953829030
3023.0052867215
2558.6350884862
-3363.1208226807
-4394.9853792032
-4266.1517876453
11786.9785826198
-9004.9241553086
-872.5733182648
-3744.3056905450
-6225.9413975297
-10445.0981682494
-6298.2199182405
-2452.3487220701
-4789.0946511397
-178.3808267331
-7877.0113634166
2992.1203211164
-7744.3927617956
-6699.6909537170
-787.0410887115
-12569.6768808440
-3639.0388557484
-3052.0707145027
-6133.1320847870
-406.8664637613
-15998.2927584711
-1713.6209807887
5726.1066980816
3137.8905365808
-6788.3991179415
2114.3742396021
3340.5837643034
-3072.0724710785
-4447.0334921135
-526.5162629676
1589.4372111309
-10161.1008275686
-2487.8156955140
-3379.9691906573
87.7656523127
2277.7263272129
-8888.3784687130
-448.5311574978
-4711.7715122619
1096.9027162683
3306.2496437299
7819.1621663955
2652.4814532792
459.1619717425
-4568.5344892525
2467.3666493649
7911.8763621872
3480.9576316726
-2862.5538125014
5660.4660955445
-1902.9116674052
333.0841099319
4511.1157315701
1340.6466888726
-787.7210015625
-3066.6040726926
3045.1785228526
-935.6747412530
-548.6714172678
-936.5005556490
2503.5624928861
-11271.6580991694
-3981.1947843897
-863.5258880038
-1926.3964086479
-4925.5073554134
3094.3288989773
-1989.3711053702
2215.9833633479
-5236.1909529887
2708.2985619079
4753.6722734614
-3276.0882278020
-7278.0056557938
1070.9977876511
-9247.1827071861
2625.8727812944
-881.9644389932
-461.7382383139
-7093.7861165417
-491.2945716047
-4350.5150811233
4281.6468301858
5299.9496556609
-3066.4419171664
-6116.0618325228
4278.1333952961
508.8912496220
4198.5077489514
912.4839503635
181.2791644970
8866.9217819596
2484.7046950520
-590.8813188901
-8199.9802036561
3585.4771430655
-130.1898068974
-6050.2787211226
738.9712080963
REAL 273.0000000000
