-10121.6816538731
144620.3727634310
-149338.8060778333
-65717.0518698494
185666.8106002247
176622.5570188886
-111621.6628239271
-89176.3320560417
-26840.6536653699
257897.8983570548
-26101.5103415110
44591.2780178238
63774.1169558782
-99137.7832969046
10757.0237174820
10336.1873902832
193571.6373245659
-100277.3164610609
-27781.5717955857
-83707.9896216611
190534.3409788622
3359.6201196420
49031.2894115094
-43980.9573876847
108552.8464915098
102610.3750201174
-83224.5858683995
98148.3310416191
18471.3406371541
-17932.6429588561
-90182.3124089612
282672.6620097029
178847.9686007451
-214694.8239007879
-249886.6615422917
169027.3658256538
212855.3881774851
-89695.8262518011
144933.6497459140
-20469.9663445844
98897.8211900114
80655.2321167200
-14535.9014277450
128927.1220968064
-189846.1315006153
-182726.1435006811
98985.2126898180
-200054.0946039543
32618.3370489648
164089.1078793526
-126098.3027455817
90704.5656120734
53250.5247248900
-138471.0899772434
-325933.4879288456
253878.6483885279
-122632.0592677241
-78012.0282483189
168678.9380386673
63067.3609923578
-258677.9060388371
-4426.4262322742
45677.8723594530
-27820.7253698651
93665.3309331230
-207516.4114862921
141704.3857206724
162297.6037609321
16774.1277585021
42135.5074245730
-118050.1894382818
-47272.5003633653
235191.7764122791
-14111.9233117985
308714.4152200213
107654.0767015330
-93485.0836776103
-175738.9406434983
-214944.2946703256
-31516.5563630280
-11415.0611517646
-54889.4534124779
-77610.1294642931
-11344.2055895587
39456.0974474302
-75991.2595057531
-191644.8646699182
123726.9242487820
-193427.6072286296
-231972.0398180471
204920.4512505257
304851.4299043392
37966.9214693376
-42530.4079236665
-232154.8405396654
-295385.0749991905
192732.6754783252
79341.7774873348
115722.6218850958
-417437.5415594637
328125.2673565159
132896.0066436583
107363.4857326889
-81174.4754320252
-18810.8394697836
90737.7986546256
-201196.6678191672
103985.3681585796
89468.2615037620
95398.1764550918
-42866.4884935031
85804.2492394326
129521.3394974952
122154.4741535711
27639.9463253195
-73517.1981946881
-54914.3309932268
87375.6078553094
-200936.3699487367
-60490.8541720446
81652.1109628251
-65780.5921755322
130690.4005955488
209987.7853048379
105811.7114428662
173317.7538092383
-255340.3939187294
108486.4372905407
-153528.2812080896
27634.7434921943
196436.0794038980
-337411.5164455940
-107844.4080436001
91288.6803392564
-130630.1648054399
-32573.0274935370
19134.2714556537
118108.3070910692
-114971.5760993162
-80695.1034235422
-43599.8750389499
-173906.3548617176
134175.5754969669
-114318.2414185467
-156201.7014535236
-14083.8321316414
126895.1320515311
296841.1000554018
-19237.5077286768
-123634.0436152443
351473.6629718115
-131433.6364848000
-70721.9309047555
-18863.8959861899
96408.9506378956
5397.7273296066
301902.6077720393
37897.0180974453
-165781.6957664745
-354376.8396531818
187412.3442134854
51826.9198015947
105953.2179251707
-202607.4745234489
44057.2358592130
-97727.5102741187
-123384.5123985199
-233558.6869817379
-7722.9009782182
-201929.4408754027
374198.8186266086
51441.3864870536
118510.9939982002
27947.0220963348
-77434.9251945379
211720.4656767637
341020.0631270434
51222.1929789646
47013.2149669914
46535.0820100936
82155.6734086517
-218909.5657451308
-165542.7504696225
-169931.8215438663
16925.0969844486
-205667.6061488365
-19640.9061034778
-212887.2840360828
-282708.4959580464
382230.0467717235
45169.2135767547
-136739.5243691377
69078.5109111403
195852.4814220823
44996.1477644043
-133752.3897798486
-222157.5663865860
91060.1015845961
-86305.3778123619
-66413.4007361106
REAL 273.0000000000
