576.9912403745
3111.5529908190
2859.1958667501
552.3710534682
-1732.5138842492
-99.5988179946
392.7591527095
-1637.9437924985
-197.2605637188
-2221.2124758399
605.3105327750
2245.2002160243
44.4135972503
54.5946241180
1204.6047501291
2461.8253695521
584.7711641137
1998.3257996416
-961.1225988705
1177.7279707980
-1736.9372083832
-176.0663335697
682.7284157461
2581.9190962360
341.0360446637
228.1960497324
2506.4096835485
813.5148017428
804.5793587584
-779.0323414975
2018.3864345924
245.6157479008
1743.7988189208
638.0819087945
824.2512910341
-1942.1551369219
-630.0499674229
254.3978374941
326.3513882934
1060.4763776054
7645.2439835735
1854.2831749010
6306.8927394878
-1047.6162524108
1369.6129912238
-183.5811138837
65.9173958171
-1266.8781561916
210.1351159745
337.4585566699
3751.1238567787
3196.0681917009
-430.0869037739
-2416.0681362020
786.2406092347
-2895.9040911041
-760.9169813502
3949.8437137785
-445.6588404785
2441.2604587317
-1015.5056810012
-992.5955227345
-859.7344527734
507.6873551330
1061.1771712718
1158.4951333298
2935.1203082241
-842.0754427819
252.6587848237
765.8546220855
669.5035701273
1161.8177676475
-197.4851607897
400.6828437708
957.8029748933
-1130.5650871304
2843.6575076012
3169.5406053346
420.7931496450
11.1874383451
-1182.2047694571
1996.3449277775
-1326.2709337861
891.6775875984
-983.6134231279
-1487.5248074817
82.1038606223
2247.0821224379
-2266.4470732992
-113.0932618175
-532.8344984592
-1289.7136394345
2695.2971749064
1868.9275861663
-526.1519453785
-2059.7976340016
494.1636102397
1217.7692140131
1633.7502335133
-1765.0157354258
-336.5748183263
1821.6465838121
289.6283280657
1032.6591102002
1253.6241493060
721.0611821921
292.9552062061
-113.4187242630
1102.7289656909
2476.6646863594
604.6296380230
2181.3099440465
1702.5297786840
-1081.7120004131
-246.2446628327
1283.4638993598
-2468.8829470842
1473.4303473295
-63.3885672401
-324.5398806904
-114.1143961195
2635.3046655825
3407.3102253687
-359.8641394095
1197.1016860452
2177.0648135231
2724.4645196319
1380.8254090035
707.2951895963
2746.0624678358
5.3086285424
-1262.9859246020
-320.3282862476
3015.2628828828
-2559.9287613494
755.4519976856
394.8244416487
1557.3933759919
142.3311970819
-1491.7053913624
-936.5781994958
231.6686682326
255.2875594641
-340.3162214986
-74.6006414151
1302.9044248437
-134.4241993317
2088.8031548210
896.8608244660
4166.7195023641
2201.4516138743
2191.2759041093
677.5407416022
1704.7693856154
730.6523846943
-870.9162960623
2276.5640847098
2690.3399471217
3224.8466084782
1428.9746646561
-420.3444606036
751.6348397871
2387.4686712930
3418.8749021602
590.4282699175
4675.3284621685
1145.4718718811
4549.8020661500
-496.7871515103
-3089.7385887971
2281.3264421917
1579.4557930125
443.1644474207
1075.9453714713
499.8434577407
-1789.4640994275
-1539.1476363041
356.8588196102
-1325.1002924906
-655.0908115259
1178.8250308296
-3241.8146784141
856.1826358914
967.4483440544
2903.8473975886
-1730.7526886831
206.4240498592
723.9121584923
4227.5167068497
-1640.6826286746
892.6913715243
-421.7944872920
146.8414155924
-2.2659752519
7133.0522939009
649.6182742410
-1835.3402428915
2514.9405437363
196.8944206331
4242.4096928601
REAL 273.0000000000
