1668.0464012913
-255.3600164731
172.5279244671
428.7483557079
-495.1562857032
1059.9082460450
-701.0738696619
968.2379033790
2853.9492634778
1955.7565917204
1035.0720801689
430.3754951330
324.2087280360
1540.8509911768
1026.9814244271
-433.1489398509
-1511.3892250140
452.5229872466
940.0794617658
-1241.1580697322
624.3455191365
388.4280170914
1667.7804595209
941.2713927979
-105.6613926576
-214.8343732761
507.6081735473
263.1957408061
-173.3095772809
1714.7375270217
-198.9690887587
771.0159901977
493.0853730301
161.6363617568
1886.8597664418
-726.5883321098
2087.0614962471
-278.3082991386
142.0869801325
-1412.4199280914
100.3265629215
228.8570747509
566.2751475169
2172.0435407916
-1836.7221432201
513.5569636166
-347.2231465727
672.7698831084
-43.6291567511
895.0680673997
610.8936966082
-191.4925198001
1697.8033740500
786.9826722843
-1303.7973132273
431.4396388994
-381.3281146175
-817.6906712774
1014.1048256279
-575.0336660546
790.3220750450
-792.8903330479
64.9036515961
1275.4513658370
-1173.3552934408
-567.4394229128
-1057.8101011214
245.1052084714
-398.3654728960
-28.5550330367
1006.3933823922
-156.2007100417
1006.3548720818
-310.4412323814
-1290.4985633682
-1032.0802841670
-757.8732341229
-2094.6407512040
817.4491949742
759.0996469226
-1045.9212426865
2719.0679035286
-45.1159199685
-937.5310499039
346.0524253566
-1063.1838250566
-663.3840269557
390.8982073955
856.3798562025
-841.8595548886
-525.4018151966
2083.5129740356
2047.2069975226
-502.3783998500
-746.6774126411
501.7609387763
129.9577339752
599.9742578834
54.9480366829
415.6734535821
1223.8490269203
607.6703813646
-302.5806982062
401.0344349888
507.1514452768
-224.8012498488
1148.6057653593
-696.3018007357
-732.3746844280
1410.5894778001
1069.2340264824
-734.5092047752
-444.2181743145
3377.4079199989
-844.7940977741
-1144.2156989258
917.1872939087
4367.6058603247
2138.4361156267
-1219.8365160245
1833.7414955716
155.4229434485
-373.2821481281
946.8313411409
1292.8001142894
1156.3867740263
-520.7697915432
247.9602096988
-2430.8007043420
-1257.7381253035
-140.7525265470
282.7967107230
311.5349645809
1254.8704665738
-103.4968014864
753.7603745926
553.9625500398
1233.3914311396
-415.3589624321
1018.1987201994
-850.8356218628
1890.2786088972
-135.1367607706
1688.8584487068
932.7256246868
501.0432924578
915.0117598265
-1473.3693383024
-735.9136356194
1157.8713340196
291.0557579248
660.5707692192
-621.0390289955
-195.0312530803
-367.0108199677
-380.8003350216
452.5152509331
433.4469850859
504.3801345444
1283.3400047639
1439.6088407549
504.3155647246
2063.1163388353
-2282.7636182552
1850.3450220935
194.6628788309
324.9952264031
1260.8214607806
-106.2914458867
302.1084716978
240.4530734630
736.3129194301
-696.6094024671
806.9032247033
922.1161271161
-268.4662799540
212.9578479109
-240.4202215413
-554.4142363650
581.2038378750
-534.0108443572
940.6282484755
-828.0530441055
1259.8106143398
689.7698404858
-137.1237150414
508.5525276340
-529.6886783505
-592.0086804452
695.0390223336
-354.2657553466
43.8302573598
-2341.7471637044
1569.5062559023
-947.9294418369
1349.0433257818
1286.1533250507
-1904.0221761219
1920.2442184110
-592.0556584456
REAL 273.0000000000
