677.1075291736
-552.8102453399
706.9850016936
172.8395911068
702.2873425054
-355.6564265095
1158.5005374857
344.4704989441
468.1652582368
974.7418738628
422.7615913233
-31.0479711044
761.5761539527
-193.9082527198
155.0239789226
1032.2410635837
324.1108952814
38.5021193728
333.6379038370
263.9170290934
263.0179987687
238.9149469058
-226.9770266759
1240.5171695210
-670.2159167670
-357.4937827542
1612.1810424581
220.3223038903
474.3450551241
-154.4784661219
434.7533376063
19.2163581716
-665.3056822906
805.4355928608
-440.8972257616
1291.5934323438
590.8728375781
147.2129951501
315.9263354766
-402.2491541905
1230.5974232512
-243.8086874923
551.1077551931
739.0161920014
-60.3662933618
-335.5817897851
-193.9993601423
-120.8024512048
-233.0704622199
976.2427972820
223.9973712451
-323.9896307304
553.6063693465
-132.3625543469
493.0010722806
504.5985854570
-866.9376636027
-1361.5422450181
540.2478448989
84.4134998351
-23.5012774064
-683.7276246514
-172.2988010848
677.3778862609
1572.3315424409
1222.4264477241
148.3105671570
857.8707456323
302.7623906525
-755.9363895349
75.3895529727
181.4648601783
683.9951766236
-1002.4656457596
1686.4728592398
81.1203807716
-224.9273998655
572.1237096600
2.0609399042
-123.4911212788
1468.0808562083
-163.7316009912
-287.2402466818
-362.3716553307
414.6426385684
-552.2047002170
21.1481143416
-1096.1704943976
167.2919800598
887.2132109824
1013.2334972674
-428.0547636257
-708.4653153940
131.0612819406
853.0158828656
109.8513888396
-413.0023796155
997.9073842627
606.8194143156
-156.4452451179
207.5660399078
331.6363335398
409.5754503836
93.3038016612
689.1959942535
183.1098726310
-705.1857953086
26.3548782038
464.8890349652
562.0853907608
758.8142722968
-274.1252848742
426.1619504600
-69.6149641787
1104.7426158354
1373.1515414367
566.0421244788
363.8479226685
165.2232439692
3142.7521522370
121.4753558298
2132.7008527575
936.4530196934
599.2521313539
1652.3661267324
811.1035831495
396.5708008642
-674.0492040937
1104.4044101742
-925.0197806076
-574.8919906437
945.8920293919
-503.0410155370
308.7477820862
326.4153761278
564.1900929042
833.8901697849
1171.9255759727
1489.7420011449
186.7832393346
124.7327883805
487.1749270880
557.0204955884
-451.3334098049
25.1273361694
386.9754565931
426.9533978593
1688.9918468326
-141.4067988229
-837.9178996149
319.4959154687
1634.6366885453
527.2972669410
-515.2335645153
-87.8124735576
-190.6411028685
878.0782225371
-102.6049007631
-279.2854431535
1539.5430168264
645.0569959998
-22.0056433088
267.3286308375
928.1393852016
-142.1547500065
293.2555737577
-36.4072822115
146.8892970033
341.9470852713
-756.7974024688
263.3833694486
13.8954891070
97.5768034332
330.6883126567
-263.1288615393
659.3393052409
-134.6478236764
1203.3669554834
614.0517316312
579.2205553056
448.2523006774
179.2650679677
1625.5251967337
697.9713747875
-520.0262079706
351.5666555669
-224.2726194557
1262.9152629707
-554.8254297492
411.2737559690
411.2647347923
1184.5239677897
-720.6138045180
69.2287776497
-445.0338500769
529.6074938745
1349.3812479709
-620.9244497574
769.9661723677
744.5782285007
REAL 273.0000000000
