1.898635e+03
-16.4479377703
1374.6222575551
-2050.3959497175
1402.2271376964
-617.0083110104
91.4402714284
45.8057577896
-1121.1710958240
-1631.1788724262
-461.3817542611
3349.9150999991
-3399.6656476765
2987.7512086715
561.6332828490
988.5387329373
431.7912512415
731.8878534896
-16.3277139314
11.6508122382
-2338.9897690093
-2332.5445335484
-18.9658479336
150.5015157260
242.3094722543
256.5638886906
917.2419290126
-993.0854305559
-100.3709244466
409.4041287944
548.9711924282
908.7093777760
1293.0995325968
1387.6889716818
-2283.0976675461
-1488.2756896815
249.6562582307
-1919.9889293366
-749.9665777121
-621.7611524439
-1507.8661633904
2669.9879847867
1014.1593461643
1404.4605615270
-101.7724526300
1318.8146286598
-2509.2443951887
-621.4109442188
-333.5197230744
-709.8280624176
2076.6271203747
-327.9246109592
1194.7732520164
1364.3737396506
1408.2979063726
-982.9913321498
1276.4601988849
1923.2810518532
1979.2432856316
-3465.5421060223
710.0934254281
1845.7464982948
-999.1143106648
1970.1618072531
971.5322919239
43.1355103672
2543.6052575782
1327.9677774008
-871.9287788349
-113.8578012958
-1509.1156314450
1071.6005374248
-412.4139044160
683.6034511288
60.7864530481
-1047.3143151332
978.8110631836
1935.6628473188
-1513.6568625312
-1287.1466037899
1181.5841752460
-1383.2467877759
2800.2987030152
1247.1903046004
1458.5637420589
-971.1257293233
1265.7595123556
-1723.5020982830
1125.9883030681
2402.9041645781
2030.5015587136
-806.7703328599
-1953.9112486801
-106.9045501134
1168.5296037344
2460.8591065090
6.1031765457
1334.4586249255
540.8846079475
806.7717218544
1757.3638499707
194.9115591682
-1799.4745311389
-317.4692072117
3411.4386711283
-1332.4300523542
-21.5527794687
-377.1224431860
487.4977102965
1137.4800535424
1772.7555657999
1375.1051725738
2022.2802012847
-1601.5206070087
-1422.0287597389
3252.0401523753
179.8355104869
752.5594082434
789.6252332764
865.0136032495
1108.6352026671
-860.9573320291
205.0279861564
-788.0345219261
1862.9333340422
-1585.0171489598
-932.6155047925
-866.5895129873
997.7454092177
-2621.9005893989
1135.5330373560
1857.7484786505
-379.5135106023
1808.4039891517
-305.7158770009
1409.6773368564
1680.4930600506
-2585.1500449779
1983.4204100967
336.2527646624
289.3771123442
-556.5186368317
1371.9712315889
817.9940626852
-1941.8931465680
-1215.9146287691
-364.8435129206
273.3962544436
445.1136462334
-163.3534831665
1548.5933860364
792.6894518121
2605.4085787834
681.3463205068
210.8628535655
-2728.7289624369
557.4929427537
-2200.0201554276
-1834.5857167850
-1500.7209856396
776.3120912702
168.8225570338
588.0025100084
2165.6780733315
738.0154514893
-389.0037595694
1331.2618115704
3293.8015925714
-1287.3184066293
-586.3828852185
262.7881616323
271.5857098810
2505.0833644571
1393.8401904377
-860.8452732651
585.9212382968
1528.4227199965
-2903.3259718843
-43.2391246419
2286.0474966014
390.7542897032
-198.1004821966
-422.4129088299
2239.0155888342
1541.3750075320
51.1053107801
2696.4606843903
-2431.8864447238
-1556.4600979630
782.0762735641
585.1669515113
1443.1628383811
1980.7319840108
-250.9310110896
681.9421940224
1902.6415755181
561.4173246925
2583.4534002244
436.6500501492
584.9656444455
REAL 273.0000000000
