3.387871e+03
13855.5164428954
1857.1118893235
268.9977836672
6551.2558062103
-7470.6416941803
16004.1008686877
-7605.0176600820
834.7659573127
2752.6504388722
12964.5874345569
-4464.1991842976
-2070.1390237127
-3717.6497509482
-8786.6172119787
-7286.2512041664
6406.6721941177
5640.7607303158
-4219.4008667015
-10921.0121489389
4400.9389697480
5396.1038816275
-10732.8065431836
-9337.3111070058
-5959.2132730046
5990.4732998087
11183.6703102540
5917.8480935084
3833.8976233073
-2502.0886973748
2941.6006824269
10956.9526195443
13425.0346344884
4226.2412356669
8303.6391399674
8737.0070363985
2183.3450473973
-1595.4352586403
-9291.7246771602
-5128.9354353907
-3284.9026436981
-7224.7927691702
-3640.3608828324
4481.1974483975
-7154.1328811840
5511.4060297272
4217.2512806595
-1843.9976920663
-4284.9579642576
-15166.7753037524
4688.4983570385
-1424.0068436782
-4613.1001175147
-1272.9395993221
-14438.8713294278
18315.2334180420
-6110.7862207860
-4246.5990739800
10902.9107010239
6300.7759281641
-5705.3937782481
9207.5358483484
8353.0216979792
-12531.3874655257
6541.4280164860
-9518.2577889002
770.0612409222
5163.3606055669
-3548.2451435805
-1115.7697459891
2202.7826333177
-13633.5512375280
-9166.5623549662
-8968.6567691660
-1359.3657827962
3488.9550168717
-11958.2457341819
2623.9745319039
9648.0179529218
-14268.3267044544
-12464.7795464477
-7829.4989630430
-4119.4234813318
-11251.2373105765
2189.2353888812
-10314.6945158063
5194.6707085629
4403.2930139322
-4202.6274917419
8168.2443248015
-1481.5866165779
3314.4964176500
-2012.7547263187
18837.5557505399
-1906.4959501466
-6983.0737625666
-2115.8141915999
-12523.6315918464
-2430.7187230936
-643.0549753938
-111.9760697236
-7714.5397539467
2113.8447479339
-16252.6525377415
1674.6467614276
-9113.0109267011
2834.8341819744
25112.2120406900
-136.0525977376
4332.1356930420
7502.5417701558
4548.6194959192
6998.8513289116
4354.7884194359
-821.5024381863
-11600.0119117695
-8488.8030207066
2296.2479283867
8507.3130863543
10014.6437511826
826.7592613346
-1805.6872860018
-3640.1971354990
-3697.0265036068
-13827.9010032458
-10791.4205141985
3640.3256965287
-6442.0506864127
-12771.6037572161
-849.1152193971
11027.2555021453
-2727.9506803574
-7342.1103391413
-4573.2374180868
-880.1172915027
10097.2885818335
7958.6268852281
-3338.4807828736
-1376.9321683415
6827.4879313416
-28416.6268472790
-643.8221324725
-17550.1898445430
9892.5926088130
4384.6898022022
-9259.0285461954
-3043.2320333799
-3808.6055784133
7665.4979374073
405.5292537559
-11894.9502012627
12114.5828387387
11714.9733068391
14664.9254651950
1776.9406888651
-3176.2783863387
879.0929363093
-5439.2447576513
4040.7665825187
-4792.1890396494
-3834.4485439534
-11107.0211513436
22929.0490757810
6234.3375776796
2092.2605316579
-15849.7463414031
14255.8210205107
5393.0889349430
-12132.4267871361
-8227.1027889081
9054.6891432550
-13262.5077540391
133.8104498314
7670.8881125992
6015.1161424644
14620.2530122662
8629.4795900178
31027.6533421261
12151.1571873585
3146.5343180304
-302.1183611383
-8929.3706206046
-18397.9570921370
-6434.4779048279
1149.8565970938
9982.8613193085
-1893.0515525877
8890.5679333485
-17896.4038638590
518.2184884985
-4919.8633655050
3008.7761299867
6216.1870936759
-8485.0021184048
-6200.8079537932
358.8667186719
-8627.8958391314
4314.4369875517
7860.7505581413
-2119.2329659112
REAL 273.0000000000
