5.494983e+02
566.9097707596
12.7073406558
728.6810114240
301.7365333657
527.7744379039
-262.2818423995
303.6617163811
-80.3133126779
-383.2718603144
90.2548306848
286.7027380677
777.7720676630
71.0966749007
-42.5519590982
234.7698590914
706.3783657541
481.8429919842
900.2590170284
845.3881317559
370.7816966387
-8.2859379483
330.0270503448
108.7077040282
612.9038423984
641.3086069747
327.3676902047
531.2020285932
300.0464981018
487.1444295976
178.0918913032
60.4667247665
13.0910420951
112.0580345603
563.6848876576
1110.5173285249
383.6173145549
529.0318415722
430.8560384575
503.9856663375
-17.1999626494
227.3449287315
602.0321067618
-211.1991201423
-129.9184144820
105.6686146906
565.7582083211
-74.9229690028
386.6905165764
770.8944697953
689.4732013379
486.4647264182
298.7643209854
497.7131665564
-338.5753647581
527.3648188766
1400.3262558597
192.6495797988
413.5069028279
425.3237497676
473.2467151239
480.6215899198
-243.9810271191
558.6267605800
697.0110713932
175.1812377697
189.9729543020
632.0449618379
-609.8238426251
1137.6721241841
207.5574610084
1076.8656024167
303.2377748533
250.9131614961
561.3538003772
-128.4408929919
-254.8439377690
18.7973363071
855.1411356176
84.3626274998
18.9365949645
1010.9480086872
203.4590029189
152.9833024739
632.7813589735
86.9082444821
224.2305150969
-542.4460600219
208.9313675270
967.1667929979
-355.4491265385
-77.4529332704
33.0355258405
244.7799607468
73.2130936578
756.9805728279
603.2362445022
247.1508018875
-295.6240208543
528.8486060186
-509.7967506458
-160.4990445165
340.1594581976
790.2135582391
95.7341960014
300.0557704138
300.3093792592
-208.2499053411
739.5475155492
473.1498571730
-23.8745322909
766.8874532707
165.0419201346
326.4148028919
-159.2573171868
-219.6627518288
273.9083639499
611.5579113084
609.5279150354
-66.6237332031
578.8324230444
-91.7599987141
306.1913763433
180.3031725224
-392.2180070813
-23.5769891636
-266.8052630940
-100.5401032964
331.1894573640
-40.2231283069
216.3529307907
1094.4646830439
313.4435212573
-126.8715996198
-432.3037437147
893.4244587108
992.3283327745
1029.5064323680
294.7575074438
123.8239953822
113.8847155403
214.6469660296
802.0436345654
-45.7388621441
-247.0261352769
448.4559956869
278.6266162826
582.0393766935
80.6109807425
-634.8561601975
499.3096659275
348.5058403245
-28.7388201803
-48.8692360619
1074.6036178774
331.2480721445
314.7448105248
364.7955039346
450.3533367838
876.6742505354
261.5944637396
508.1504962068
312.1392775774
-180.8933858916
628.4320836227
93.1600344506
291.9267754117
378.8367378484
326.5355204965
451.6140838800
383.6017370284
-112.6196776475
579.7026067165
135.7243787559
-306.4487950475
1082.1799930669
216.3718112739
227.5293097310
-209.9419145926
976.2877050960
110.6624392933
112.7972173610
1226.7428740151
795.7526093407
101.2730077062
-44.7098725808
-23.1518186816
-472.7373636612
-74.2362124152
168.3514445192
511.8634072322
590.2321157800
-836.5633867122
1063.7246675562
-17.9880218603
10.0725061479
201.8449050106
-184.2283113276
126.8732099274
285.9136186168
REAL 273.0000000000
