-2.340685e+02
-3.440780e+02
-3.140790e+02
1.623592e+02
8.196807e+02
4.081957e+02
1.970189e+02
-7.016197e+01
-3.021307e+01
2.929629e+02
3.412271e+02
3.074674e+02
1.998036e+02
3.078202e+02
-7.493738e+02
1.052164e+03
5.040436e+02
1.606097e+02
1.827814e+02
-2.182823e+02
4.120686e+01
1.048554e+02
7.896764e+02
2.044155e+02
5.932683e+02
-5.114608e+01
9.497316e+02
1.331416e+03
-1.363452e+02
3.936867e+02
7.623187e+02
1.604375e+02
4.640044e+02
6.969213e+02
9.396704e+01
-5.951097e+01
5.574316e+01
3.081797e+02
7.152923e+02
3.375440e+02
4.144398e+00
4.711771e+02
2.346241e+02
3.326690e+02
5.865546e+02
6.489204e+02
3.044445e+02
1.277629e+02
5.436438e+02
1.473268e+01
-4.740761e+01
6.661913e+02
5.749784e+02
2.265485e+02
5.837935e+02
1.144330e+01
-4.593241e+02
4.283169e+02
9.695807e+02
1.697359e+01
3.593793e+02
6.090405e+02
9.841439e+02
6.413057e+02
6.441469e+01
2.015336e+02
5.005533e+02
-3.685480e+01
-3.074812e+02
2.304300e+02
3.293662e+02
4.832537e+02
2.804010e+02
9.082794e+02
-6.849740e+01
-8.276559e+02
1.359657e+02
-2.272239e+01
4.053193e+02
3.363726e+02
9.638967e+02
1.571943e+02
-7.969699e+01
9.735252e+02
-2.081649e+02
-1.102484e+02
6.479516e+02
9.523545e+02
-1.140678e+01
4.996189e+01
8.490985e+00
7.813791e+01
3.476086e+02
-2.117894e+02
-3.208140e+02
2.328274e+02
2.042931e+02
-6.165231e+02
-7.966303e+01
-1.194462e+02
2.073086e+02
4.440863e+02
5.034170e+02
-6.080528e+01
1.916352e+02
5.514334e+02
5.014830e+02
1.535233e+02
-2.732600e+02
1.133130e+03
5.053780e+02
3.003304e+02
2.058277e+02
4.196474e+00
1.688963e+02
5.091416e+02
-1.831964e+02
4.794524e+02
8.556204e+02
-3.154947e+02
-1.984801e+02
4.145792e+02
6.305481e+02
-5.383704e+02
7.623264e+02
1.957665e+02
5.694167e+02
1.066927e+02
-3.071558e+02
3.620368e+02
8.456756e+01
-4.269190e+01
5.318747e+02
-1.519618e+02
1.560371e+02
4.072643e+02
8.482840e+02
1.036211e+02
2.323058e+01
2.014027e+01
5.767898e+02
2.271705e+02
4.206323e+01
6.624385e+01
1.397351e+02
6.133522e+02
6.056312e+02
8.040093e+02
1.179739e+03
3.688376e+02
-2.537820e+02
-4.144247e+02
-2.087157e+01
2.234272e+02
1.879760e+02
-3.499734e+02
6.164749e+02
4.899615e+02
1.033962e+03
3.841137e+02
-2.269847e+02
1.166633e+02
-2.047434e+01
-9.907876e+00
6.410029e+02
1.644664e+02
-5.458330e+01
-8.108472e+01
1.364042e+02
-3.590183e+02
1.622269e+03
-6.174752e+02
1.683180e+02
7.416787e+01
-5.187210e+02
5.031573e+01
1.024205e+03
2.265273e+02
-7.555108e+01
5.549864e+02
-2.391591e+01
4.401281e+02
9.147950e+02
1.265049e+02
5.344393e+02
1.102226e+03
3.513883e+02
3.950235e+02
6.964260e+02
3.246628e+02
4.053172e+00
2.010936e+01
7.636398e+02
-4.078403e+02
6.551554e+02
1.439821e+02
-5.598554e+01
-2.154303e+02
2.229617e+02
4.360348e+02
REAL 2.730000e+02
