-6.789855e+02
2.252649e+03
-1.205105e+03
-7.266553e+03
-1.327994e+04
-1.529151e+04
8.651908e+03
-4.533738e+03
-5.483509e+03
-4.324170e+03
-6.434864e+03
2.096817e+03
-1.715480e+02
-1.244642e+04
-9.157514e+03
9.491006e+03
1.712473e+04
2.249280e+03
1.442112e+04
-2.419998e+04
-1.224115e+03
-1.205275e+04
2.456748e+03
-9.356443e+03
-3.355807e+03
9.113367e+03
-7.600183e+02
-2.110359e+04
-7.494012e+03
9.837432e+03
6.418089e+03
1.276925e+03
8.936858e+02
8.319823e+03
-4.083720e+02
-5.372292e+03
-5.132786e+03
1.135093e+04
-1.174989e+04
9.805790e+03
-2.041276e+03
1.443510e+04
2.676510e+03
4.170218e+02
6.297301e+02
-8.680376e+03
8.241767e+03
-6.091639e+03
4.415161e+03
8.234432e+02
8.855128e+01
-1.864773e+03
2.133496e+04
8.344877e+03
-8.314207e+03
-4.225203e+02
-1.849830e+04
9.374100e+02
1.488153e+03
-7.087791e+03
-7.904007e+03
2.734964e+03
-2.037337e+04
-3.009762e+03
-3.988945e+03
-2.503113e+03
1.766509e+04
-9.028836e+03
6.270292e+02
7.224613e+03
1.330299e+04
-1.360338e+03
-3.482272e+03
8.987445e+03
-5.821307e+01
6.126856e+03
-1.890575e+04
2.966026e+01
-1.741679e+04
-4.216166e+03
-4.611275e+03
1.297885e+03
-9.033592e+03
-6.076707e+03
-1.806350e+04
6.988187e+03
-1.407058e+04
2.517522e+03
-1.263685e+03
-7.247157e+03
-1.459858e+04
-1.307231e+04
-9.381121e+03
3.623604e+03
-3.690691e+03
-7.191312e+03
-3.365365e+03
2.559662e+03
-1.091264e+04
3.523158e+03
-2.163010e+03
-2.699357e+03
1.179050e+04
-9.067616e+02
9.121152e+03
2.778322e+04
5.276144e+02
4.163008e+03
-2.616152e+03
-2.095151e+04
-1.878739e+03
7.400898e+03
1.710216e+02
1.186596e+04
-1.415559e+04
4.893659e+03
-5.150921e+03
-3.316063e+03
-1.028074e+03
-4.381951e+03
-1.435819e+03
5.149512e+03
-1.723554e+04
-1.191253e+04
9.081554e+03
1.361368e+04
1.255233e+04
-1.068617e+04
2.187122e+03
-2.046425e+04
-1.674840e+02
8.851810e+03
-1.303694e+04
-1.102525e+04
-3.806277e+03
3.477632e+03
3.518379e+03
-7.492388e+03
1.137082e+04
9.926106e+03
3.839825e+03
7.985501e+03
2.605344e+03
1.908475e+04
5.522153e+03
1.049402e+04
6.088946e+03
6.102425e+03
4.902335e+03
-1.871266e+04
-5.018293e+03
5.792406e+03
1.048666e+04
-1.492653e+04
1.077750e+04
2.092463e+04
-4.815364e+02
6.614952e+03
1.412766e+04
-1.816552e+03
-1.126689e+04
-2.962349e+03
9.127327e+03
-7.672205e+03
3.639395e+03
9.152009e+03
2.916374e+03
1.645215e+03
-1.236274e+04
-6.061763e+03
-7.688549e+03
-4.882497e+03
6.388815e+03
-3.487434e+02
2.544809e+03
1.195276e+04
-1.279744e+04
1.036587e+04
3.462976e+03
1.023796e+04
-9.483925e+02
8.946699e+02
3.137681e+03
1.625360e+04
1.226388e+04
2.309072e+03
1.050028e+04
5.180697e+02
-3.707097e+03
-9.926465e+03
-6.928060e+03
9.665061e+03
5.381674e+03
3.115279e+03
-1.593621e+04
5.752789e+03
-3.107684e+03
7.887057e+03
-1.998830e+04
-2.432580e+03
REAL 2.730000e+02
