1.733104e+03
1.364430e+03
-2.244424e+02
5.631710e+02
-2.554164e+02
-5.145172e+02
3.789910e+03
-3.100924e+02
-1.067964e+03
-2.466956e+02
1.199033e+03
2.905867e+02
-1.547353e+03
-2.856036e+03
2.088961e+03
-2.058044e+00
-6.524051e+02
6.152414e+02
-1.549634e+03
6.050957e+02
4.454351e+02
2.025001e+03
-1.309980e+03
-9.515668e+02
-6.904150e+02
1.177256e+03
-2.216640e+03
-1.106136e+03
1.340858e+03
7.442867e+02
1.321167e+03
-2.589532e+03
-8.555930e+01
6.465226e+02
5.116685e+02
-3.073315e+02
1.515820e+02
5.773887e+01
-8.836489e+02
2.344487e+02
1.127368e+03
1.105452e+03
1.083830e+03
-1.983788e+03
1.224398e+03
1.775288e+03
-1.411006e+01
-1.095446e+03
1.097846e+03
1.014550e+02
6.351611e+02
8.416500e+02
-4.825926e+01
-1.191731e+03
2.157155e+02
-7.094662e+02
1.442950e+03
-2.283883e+03
6.723787e+02
-9.054085e+02
1.479250e+03
6.732380e+02
-1.927827e+02
1.917018e+03
2.159801e+03
-1.133828e+03
-5.040995e+02
1.517339e+02
1.579443e+03
1.307129e+01
2.830670e+03
1.476232e+03
7.377542e+02
2.384217e+03
-3.950289e+02
-5.349671e+02
-1.165177e+03
-1.604767e+02
7.846280e+02
-7.873657e+02
2.585101e+03
-2.476652e+03
3.801662e+02
5.325388e+02
-1.393904e+03
-1.728894e+03
-2.058990e+03
-6.583959e+01
3.215798e+03
7.774462e+01
8.074293e+02
3.119263e+03
-9.682317e+02
-1.142044e+03
-1.531712e+03
5.475031e+02
-3.685841e+02
2.805146e+02
-7.207655e+02
4.849282e+02
4.497834e+02
1.334402e+03
7.721570e+02
3.918338e+02
4.448370e+02
3.007122e+02
3.298230e+02
4.342298e+01
2.186416e+02
2.679219e+02
-1.303305e+02
-3.877358e+02
-1.135419e+03
6.460747e+02
-2.177000e+02
4.128122e+02
-3.223863e+01
4.532561e+01
3.390958e+03
3.044100e+03
8.229918e+02
-5.852666e+02
1.117906e+03
-6.522749e+02
-6.769979e+02
-1.582079e+03
-2.420832e+03
-4.094437e+02
1.044340e+03
1.608835e+02
1.114147e+03
-1.785983e+02
-2.500235e+03
-5.423824e+02
-3.205027e+02
6.141788e+02
2.332109e+02
-2.374423e+03
1.540613e+03
-5.459099e+02
-3.335528e+03
9.131242e+02
-2.667641e+03
1.899191e+03
-1.007397e+03
3.962266e+02
-1.557747e+03
6.988424e+02
1.754618e+03
1.197751e+03
2.076137e+03
-2.812178e+03
1.639796e+03
1.571148e+03
-3.911403e+02
3.863353e+01
6.924252e+02
1.122319e+02
-1.027117e+03
-1.748062e+03
4.032057e+01
4.441802e+02
-1.052285e+03
1.155793e+02
-1.382677e+03
4.852919e+02
-1.993949e+02
8.303908e+02
1.085010e+03
-1.783053e+03
5.832080e+02
-1.025203e+03
4.479659e+02
2.640035e+03
2.054424e+03
7.570930e+02
-2.019865e+03
9.693057e+02
1.303300e+02
-4.848697e+02
-1.548728e+03
3.171784e+03
1.822926e+02
-2.396695e+03
1.943484e+03
-2.675486e+02
-2.745509e+02
-1.010232e+03
2.352550e+03
3.356401e+02
-2.141311e+03
1.551449e+03
-1.260752e+03
-1.097734e+03
-1.226167e+03
1.280864e+03
6.752795e+02
-1.946899e+03
-4.124707e+02
1.882804e+03
REAL 2.730000e+02
