1.096802e+04
-1.278805e+05
-1.963651e+05
-8.035273e+04
6.923658e+02
6.224782e+04
6.175722e+04
-1.925852e+05
-1.677367e+04
-1.717141e+05
-6.512643e+04
2.397316e+04
-3.869059e+04
2.591719e+05
8.660276e+04
-1.741144e+05
-2.893445e+04
1.427978e+04
2.956466e+05
1.125478e+05
2.707288e+05
1.477218e+05
-4.374243e+04
-3.639047e+04
4.817451e+04
-7.164088e+01
2.257259e+05
1.167792e+04
1.499445e+05
4.739527e+05
-5.534934e+04
1.648342e+05
1.461414e+04
8.403376e+04
-3.042315e+04
1.041682e+05
1.586701e+05
3.430645e+04
1.168861e+04
-1.996408e+04
9.057503e+04
-2.581341e+05
1.782748e+05
1.620778e+05
5.885693e+04
6.739216e+04
5.724926e+04
6.310762e+04
1.416575e+05
4.426093e+04
-2.671894e+05
-1.221043e+05
-7.558941e+03
-1.636576e+05
4.573891e+04
1.890642e+05
-7.926264e+03
9.465768e+04
-6.259155e+04
-9.219702e+04
-2.973496e+03
1.199440e+05
3.932572e+04
-8.610039e+04
6.066990e+04
-1.823888e+05
-2.491707e+03
-1.896335e+05
-2.104535e+05
-4.706676e+04
1.676208e+03
4.435998e+04
-1.166187e+05
-1.064777e+05
-1.703547e+05
-3.017725e+05
-1.506615e+05
-1.092306e+05
-7.983550e+04
1.511939e+05
-1.549814e+05
-1.316998e+04
3.321446e+05
-2.573208e+04
5.716491e+04
1.031451e+05
-1.217178e+04
8.506837e+04
-2.608841e+05
1.201742e+05
-3.035351e+05
-1.614656e+04
1.590762e+05
-5.892544e+04
4.258710e+04
-1.031808e+05
-4.168996e+04
-9.792501e+03
1.225764e+05
2.478761e+05
7.592826e+04
-8.187136e+04
1.730957e+05
1.829043e+05
2.794144e+05
-2.560240e+05
1.705192e+05
-5.540970e+04
1.104765e+04
-4.287915e+04
7.968935e+04
-4.004427e+04
-8.548940e+04
2.705811e+05
1.429173e+04
3.481680e+05
-6.259591e+04
-8.256444e+04
-2.991043e+04
-1.835369e+05
-2.797543e+05
-1.291497e+05
3.342182e+03
-3.603552e+04
3.450907e+04
-2.439450e+05
-3.298676e+04
1.868042e+05
9.219297e+04
1.975247e+05
1.201125e+05
-9.175495e+04
3.593252e+04
4.012363e+04
-1.656682e+05
-9.149975e+04
-5.411579e+04
-1.725785e+05
2.172770e+04
-1.886634e+05
2.559770e+04
4.857811e+04
9.515185e+04
-2.078108e+05
1.238797e+05
1.024434e+05
-1.640550e+05
-7.025026e+04
4.294408e+04
2.728912e+05
1.476650e+04
1.758472e+05
-9.937154e+04
-1.058571e+04
-1.456254e+04
1.562946e+05
1.579662e+05
-2.525199e+05
4.668225e+04
6.585706e+04
2.934510e+04
-1.862356e+05
-8.389408e+04
1.137601e+05
1.010580e+05
-1.600812e+05
-1.203054e+05
8.494813e+04
1.858763e+05
-1.973191e+05
-2.835230e+05
-1.215282e+05
1.845283e+05
1.052349e+05
-1.962884e+05
1.104992e+05
1.122002e+05
-9.594246e+04
3.625789e+04
3.204404e+04
6.729109e+04
-1.423629e+05
-1.922465e+05
-1.355277e+05
6.440406e+04
8.827760e+04
2.131931e+05
1.303732e+03
6.195052e+04
-2.760452e+05
-5.338151e+04
-1.616426e+04
2.052089e+05
-2.006886e+04
-2.491640e+05
-1.071047e+05
-1.266958e+05
-7.818971e+04
7.449130e+04
1.061886e+05
REAL 2.730000e+02
