4.409774e+02
2.285988e+02
-5.884469e+01
4.106385e+02
1.837639e+02
1.859984e+02
3.823253e+02
3.975608e+02
1.356571e+02
3.684729e+02
3.469783e+02
2.032664e+02
2.643049e+02
2.405418e+02
3.643900e+02
2.332533e+02
2.606485e+02
1.732611e+02
3.080084e+02
2.230208e+02
4.957235e+01
1.453417e+02
2.099581e+02
3.342171e+02
1.682813e+02
4.232822e+02
3.197999e+02
3.196473e+02
5.051208e+02
9.757932e+01
5.140756e+02
3.092694e+02
2.168551e+02
4.390486e+02
2.769788e+02
4.823901e+02
4.158835e+02
1.018677e+02
2.937218e+02
1.951748e+02
1.913113e+02
6.267883e+02
2.145540e+02
5.430034e+02
2.217169e+02
2.036261e+02
1.504645e+02
3.201817e+02
3.088588e+02
1.453661e+02
1.039851e+02
2.114577e+02
1.637494e+02
2.817426e+02
3.533551e+02
1.722007e+02
2.654406e+02
7.281575e+01
1.185377e+02
3.110543e+02
3.971432e+02
2.941687e+02
1.753618e+02
2.946800e+02
6.059678e+02
2.850975e+02
1.373135e+02
4.857876e+02
3.011746e+02
3.063755e+02
3.525163e+02
2.259693e+02
2.822718e+02
1.444549e+02
2.512294e+02
2.878010e+02
1.381015e+02
3.274868e+02
2.697301e+02
1.401128e+02
2.710907e+02
4.740602e+01
-2.381275e+01
1.299730e+02
2.331147e+02
5.216732e+02
1.755270e+02
1.671743e+02
5.607722e+00
3.622824e+02
3.011591e+02
3.933729e+02
4.325707e+02
1.804462e+02
9.638787e+01
1.526988e+02
3.053383e+02
6.257104e+01
1.113564e+02
4.466482e+02
2.212900e+02
4.664926e+02
3.969543e+02
2.707619e+02
3.232651e+02
2.649143e+02
4.111006e+02
4.266354e+02
4.112462e+02
2.186271e+02
6.323673e+01
2.070940e+02
3.121112e+02
1.296395e+02
2.608154e+02
1.671316e+02
2.771763e+02
8.741759e+01
4.594056e+02
4.529547e+02
3.761845e+02
7.399936e+01
5.981736e+02
2.720546e+02
5.869668e+01
3.643333e+02
2.484501e+02
2.169466e+02
2.483145e+02
2.207088e+02
1.685516e+02
2.699505e+02
5.062125e+01
3.439486e+02
2.367371e+02
1.175493e+02
1.710123e+01
2.403291e+02
3.191621e+02
2.204382e+02
2.776489e+02
2.687789e+02
5.189180e+02
1.022897e+02
4.749737e+01
1.901053e+02
3.716428e+02
1.145123e+02
4.042051e+02
8.460319e+01
3.861916e+02
2.572942e+02
4.999237e+02
6.055609e+00
3.259703e+02
5.011002e+02
1.576019e+02
3.146047e+02
3.260691e+02
2.382778e+02
2.826317e+02
6.882355e+02
1.592920e+02
2.741125e+02
1.820162e+02
5.150120e+02
2.806905e+02
2.635199e+02
4.639758e+02
2.086650e+02
4.330900e+02
2.866519e+02
2.643075e+02
4.248795e+01
5.499257e+02
2.779541e+02
3.579316e+02
2.769311e+02
3.457962e+02
6.699830e+02
1.220194e+02
7.008700e+02
4.554532e+02
4.386023e+01
4.197452e+02
2.634539e+02
2.403714e+02
4.801014e+02
1.383435e+02
1.554566e+02
4.313506e+02
2.875322e+02
2.039197e+02
2.074208e+02
3.948348e+02
2.790590e+02
-4.091952e+01
3.720395e+02
1.726549e+02
2.007301e+02
REAL 2.730000e+02
