-85936.7978540726
165889.0939966527
-26375.8061177011
-120790.3088633662
85253.8185435347
-61125.9598324958
75316.6155594793
-1479.2661729512
-24343.2900863059
-139404.3103801379
-28726.8316019578
-21428.6805531644
133982.1710213322
67739.8465720033
63993.0534025878
40529.4365649400
-85835.9089968921
-96591.9652781841
101849.8863581513
-56079.7667166582
233252.1020360147
182480.9642891012
77145.2674991360
-143952.0020738430
-73477.9353701602
-187735.5427582761
-111108.6484578374
-94127.1293484764
-131634.5165694287
26441.9864792284
-197733.5935319321
-122857.3270144617
272998.9590700054
-70001.9096012403
77059.4208286333
-20479.5081055663
-44580.6581219114
82402.5313426063
-109183.7957301507
-267575.0498857877
-256163.0053336331
-19609.6688252934
49481.4409010577
15576.7583497579
108681.8895941737
28265.6835191754
-74852.5289807071
-161158.5684874439
156925.8304203594
-45840.8221163061
86522.6332745567
-137985.7230024171
182916.3012238097
-25092.4975923876
-198276.8515008622
144068.9630622471
-208568.5467680549
-84754.4610601660
-124277.3498029235
-42744.4670320616
42245.8256425357
-8856.8921531000
-21189.7857779932
-12850.3844607545
30613.4260710231
5551.1534064651
-27727.4124435229
15140.1067234182
-94982.2500950172
-96128.2145114910
121116.0497562651
19606.1675547362
-22043.3531669756
-70102.7492004268
311784.7753423052
104813.5430367025
168082.3216397080
90540.2221928985
-16338.1794910823
206900.4979404473
55323.2418889885
35129.0298984985
-68192.3285495991
41725.9438610229
25156.1768482646
84199.1642147231
458858.4953818675
56050.6583373782
-53258.2753529091
-78023.7925406239
-113417.7810413441
51937.8813751690
65705.9588442113
-14583.2512464175
-198765.3604506111
214867.5127826037
-27835.2133233925
-7302.0141238302
57271.8783135384
136943.7588070716
-28693.7071789373
-144989.1740354209
-165381.4183403145
-2932.3385153071
-137729.8860505768
100022.9796813684
-78046.0563813625
398625.0070353365
468682.6203225595
-38386.1141214083
-56612.9497731419
-76651.1582865575
-104099.7265727979
-114795.2465303594
-109428.5605249899
135660.9477944268
240571.0571305638
135410.2449649978
-61239.8972485854
150532.9217101910
-7260.6020070350
-123663.1876626420
20897.7767133333
-170911.5845854926
-37782.3083795882
119050.8520429173
-27462.9572980185
-120690.9274504917
-162904.3922993522
-70288.8978014085
5420.7447612840
47942.1585820513
151005.4004455282
-30531.3509283857
-179020.5656811184
-90767.7673471302
-99845.0655237179
-11113.9008689373
193593.8123468578
-66459.9553275741
-162353.9692568556
156357.5926630685
-226416.7359640587
-41481.5280295906
-42468.3046880124
48554.1605230793
-100954.9183039882
86228.3506691478
27771.4308625542
47022.4598955206
-32085.2732286788
172175.3451805497
41264.8925841245
13397.1161390983
-150848.0927396029
62748.1825543994
61368.9835306909
173350.0603248056
-32690.2641282740
68222.4725699640
165364.9846157862
71948.4360617427
-40725.1096399039
105284.9965054405
71753.3762458866
-37865.0058150847
-24063.9515997785
174978.3400098969
75053.9149195350
-89673.5842931781
-97238.2171570957
-11035.3552005882
-43335.9776547903
-220863.0373820772
-117391.0409486695
-94558.0224391065
170240.2259931793
46745.8834175303
-50785.0471232719
-102966.9838037008
-232996.0405998333
-10691.9476342936
-37508.9105386059
-10116.7886845658
-22364.4968012293
-149360.4220103339
-64788.2596770529
-16801.8852773836
-47314.8961998469
-20641.0321976653
56449.5632195129
55265.5447319554
23402.3362677457
216371.4562036939
49263.6299945192
-126026.6013323781
-3893.1472256247
-39938.6170614182
-63354.6962282294
9887.3561136030
REAL 273.0000000000
