-1388.6618138626
-3220.4536339319
-1711.9105459804
-2255.8382409910
-2145.4076930684
-5414.1362173452
-570.9702906406
454.0608491780
411.6099422944
-4871.4064328628
-2251.0893510877
3065.2753479856
1093.7484546255
-3181.8488044509
3789.8671113184
-3428.8980473991
-1618.1254562361
5583.0311801752
4008.6992526555
-565.0883784277
1557.5337023455
-3669.1819022440
369.4089040670
-2579.4602123360
3492.7589009199
-1863.8743157507
-1677.5403077206
-308.6799316361
-770.5066145459
2850.1159429925
2124.1989124403
591.7770700680
3756.8646627940
5499.3405837609
-3628.4727995069
-1841.1731618589
-675.7747438968
282.7981412819
-183.5626800875
1227.7259858203
10207.2523585342
1948.1961487383
5177.1225961329
3405.1454604026
1348.0138242573
-2143.3643635847
364.2816710881
-2722.5576827127
1385.5536635821
-1594.1235436850
-709.7471104532
1617.8113740577
-1878.3717116731
400.3646408530
-78.0924532442
-1801.0104497638
-4002.0381767815
604.9826267586
2363.4456123184
1955.5743707211
24.5489433141
907.9085791144
1732.4762519123
749.3688403163
3383.4310415705
1467.9106459839
-3065.0603745040
1041.8661198829
2944.1742959304
-1809.5582233443
2819.9399207429
1165.8642602998
-2496.9917814984
-1981.8985717485
3354.8455593235
-2808.5934808913
840.4605117528
-876.0980326735
502.2475096381
2.9244288474
-3080.6995463075
3204.3775725321
-3106.6136016727
2460.9442705756
-2092.1220712308
1290.7914688338
-2088.0089234702
-1774.2766487504
2432.4214110990
11022.5873830001
1607.4661187872
-878.4203431205
1800.4802735166
2908.2241306065
-1639.2452143212
-2947.6813384544
1940.3259373520
-4516.0427905615
-382.0515837207
-2336.9340564958
7262.7347110133
2196.7137862122
-1933.0413228384
3380.3020377943
-3334.7951597533
-1190.3993403469
-744.4184367460
-1363.5485095412
-2407.1164355840
-2198.2442634060
-3034.0891675681
-3139.3742676961
5813.1345200646
2571.3948436550
3188.5015781870
5600.5663610528
1705.4765780976
4016.6712855651
-682.5366319232
3884.2529281410
2015.8511925910
3649.8861375918
-4459.6710358304
-113.4359027638
550.2042065542
-3914.6251923244
-3091.3196152857
1312.1053861813
393.0998836093
-5605.9080626844
-1885.2933888451
1267.0468152592
2803.6014772586
-1395.1443191529
-1796.0948475954
-2133.2334243873
5763.4978872650
-1651.1011583273
1151.5520450912
2524.1879442031
-699.5242290229
6016.5986510840
2076.5333624043
2848.0929127931
5471.4047469784
-1184.4168182735
-1037.6419444826
-2576.4641664801
1050.8008997810
-926.8690736299
-1934.1615549766
-4022.8819172236
7315.0211389364
-1789.9110103996
-1975.3483596842
2787.3241369147
2655.3410463010
2467.2825597806
6242.9549411572
2075.3232389459
-1757.8104582429
5759.1097287031
319.5727734161
10734.3533639349
341.6320049711
4219.9074246768
88.6278445621
-2654.7367982723
956.4021888318
1342.0847239417
-773.2828705202
-1033.8299780538
-3151.1301589369
-3110.8534711338
66.3516770624
4885.0188660406
-1221.4197014323
1301.4729259624
3111.8168324515
1743.2794420925
-1032.2278634856
4382.3851571590
-3265.7174251558
-2689.1530235879
-4393.8895076972
-2082.7844744326
1748.4202377061
3935.2530670260
-1962.5610916718
4482.3811875638
-391.1110552694
-3965.0329279812
-2567.6706759620
-1814.3848453256
574.7716628407
-1498.9370789854
-3660.6866149781
-3008.8817499750
4298.1622270963
-626.0663608267
REAL 273.0000000000
