-7361.3330167605
1523.6358793691
34929.5017997639
7728.9242379513
-4421.1242584574
-19510.4761930624
234.7679472061
-17984.2929613295
20544.2088429492
16667.9373925081
-22778.8199983363
-4458.4271046349
20617.4643638237
-17895.9007625408
9332.2151362741
-5199.7064983975
4676.8880157493
-6574.1579701705
17548.1731685821
-1188.0629984141
2837.6226111003
26459.0034672908
9119.3286904944
-10615.9930976422
-8611.3126440085
9092.2751777852
1781.9500142503
-17056.0754326975
21933.1233554621
45514.6483148034
19079.4607547064
16814.0378536068
29374.4749457840
-15685.2508524891
12078.3898170858
23114.2392263415
-3860.1379147435
-17313.5877046013
28983.0748734303
8193.5955454412
-1314.2933140949
-4963.6081360813
1472.7116051667
23684.7096332081
-12948.5565494700
21405.8978670077
-25752.2282676729
-17263.9464020885
-5043.4425421820
-6810.3250271691
-1548.1599823144
-2388.4426060332
33797.7646065523
15764.6905530062
14490.3789529416
10540.6637318796
2906.8442394636
7738.5611997644
11241.2358544107
-14145.2321596016
-18439.5713518488
1926.8198808354
-1417.8796488991
-11708.6110967781
7864.5663189706
6888.2862129250
6917.7410521358
-14608.3493675584
1459.1778805706
-27137.0595633282
941.6487514747
17527.1806943259
3573.8342238401
-10980.7611136602
-5521.6347127496
-22992.7133029569
-6698.6973207239
-4512.0050400709
-643.9230428859
-6582.9929351283
-13131.0668011192
-11343.3116242337
15238.5613771655
-9839.0257090374
-22498.5588626167
-4204.9397588447
-18751.1953798827
21529.8949569861
18659.3568900730
25948.2057576224
44142.3754830285
-22157.8006578832
-24024.7997104824
13255.7506435037
10106.4730512184
-8901.2232549309
-9615.4630316611
-10441.2412301355
22539.7381844360
-19442.9858405348
-22916.9855460565
-17333.2657820390
-15754.1256921123
-7834.4888700268
-5007.7810641135
15369.5699910373
5965.4068344113
2858.5155128160
16801.9948525766
-6305.3989931993
-26632.3592928368
25016.0485279295
-9935.2879434506
17231.2772225266
16817.4748738198
-917.7515390238
-30626.3401242306
-11796.8520316455
-12620.0458977101
-12842.4580541212
19567.7828905017
-8668.7113425101
-24694.5749599238
2547.6809721819
-14460.8940054422
-17426.6460056320
-1692.8378670510
-24427.1350565306
-10752.5417538896
7007.7794720236
13569.2071358004
2018.9299715872
-4777.3061006465
35615.5808940118
-19686.8389456724
1938.3992441535
41512.1851760598
-2998.0508301476
-2228.2801923191
7880.1213398399
36372.2733481514
-2795.3782834864
20561.9231391170
-608.2587750186
11239.5465354540
-10824.9896646328
15553.4685179006
-3865.5096395109
-26206.8666865548
18851.1778573834
-5515.1637410325
23275.4490751975
-11012.8442149732
156.4406261437
-6091.4587489084
9511.7717499482
14129.9422869649
-15460.4994952428
-24476.3889403392
-18643.4175560247
-14762.1580432641
-5588.2992502766
-1606.8472088551
-1043.5909330211
29405.8424838414
24814.7565888750
-440.7844701524
3129.8484186764
5973.5196534265
15593.8802098471
-27022.1984698251
-19326.5064312390
9035.8167479115
-7183.8574297064
408.9611058360
-3664.4700422289
-14532.6270724354
20974.4718452534
-1908.5225715797
10791.8492625564
22794.0802962808
-2099.2221702795
3723.2958075617
-3369.9593662756
7528.1520985109
21238.4303591427
-5092.3802154949
-8965.1319441790
3713.5825029300
-1652.2869784904
4361.4042395468
-9376.5837585338
18246.9510436808
5687.8901713134
20982.4274129638
32674.1075881843
1221.3718050172
-20861.8393958207
7611.7682772469
36018.3783580069
REAL 273.0000000000
