-3976326.9839184874
-1754685.5457821473
-217654.4848935662
-1216633.3648177871
-1545689.6140376800
608545.1612561449
-1901827.6381281128
2497635.8779140780
-156273.3991342277
3855034.2720203298
1024943.0342534030
2649077.1115324944
-5529.6100143082
-901438.1301853678
-5660165.7614229036
-1154177.8980227216
3137015.3628273819
-1627662.7106047886
-164100.3049907555
-2668911.0837906427
1133435.2801478990
36923.5946880695
-722896.5706966336
-1337438.8779179840
1406886.5361425041
-5612591.6294204121
-4064513.2372632205
-3003895.8541996914
-1507990.6117029536
-1379827.6743742361
-2024611.3113141892
-247515.0982629956
-409031.2471397266
65308.9427797443
7220219.4052957568
-5015061.3015368117
-2002167.9061554054
5675339.8480351939
3389465.8331639770
123101.0211497108
-4864288.9129927688
-817065.1483715314
1083231.6905804817
-2752556.1497979238
-2289526.4719330263
15733.4888581046
4188083.7945018202
-2762185.2133909473
-3115243.2445528575
-2290675.2940119195
2494929.9174917730
-5312727.3321458392
2046800.7949922754
3354545.3955653738
-4493764.4147483346
-5251452.0403606371
4318899.4536117443
1743137.4290523488
-761610.3740593240
-1085235.5855425678
1950785.6017774158
-915516.2438263338
-998659.7657309421
1367692.5729733040
297463.2469304551
-1955929.2645533128
4107811.3203520797
5595041.8388881927
579507.0848111419
-2497934.2830608988
-680724.0741951780
222517.0605579191
-554856.2714001531
759609.5930119978
1571858.7053019086
6412800.1147414468
1687668.2680721916
-2061899.2725540326
-1574237.8902325146
2969143.5110924798
-2536596.4657582144
3003373.0148561758
-1882977.6134092043
-1869122.0700535067
-1740840.5781688713
3042583.9575214220
-803179.2355025518
8414963.9758039807
-4998216.6990418409
-2723001.8787959181
6550720.2913889684
-4967398.8607890606
3168308.3748706368
-1988463.4910201547
8758792.8093781655
-5267168.0986603127
167098.8949190232
-5078257.6496922052
2571027.0572485722
-2369193.2160658811
1957122.9995194258
1666650.2592188994
3534898.5918033211
281789.0597611571
-942892.2187504372
-1734373.7552695951
-3084407.3572765596
167114.9958497192
-91166.7228383352
4267764.9837965408
4398852.6909242195
-1676054.6269880520
-4193260.8467940817
490444.7740023028
-3728609.4198549605
-4298405.8275801207
862150.6616318898
-1370196.1613418961
2566540.2829658517
-227609.8770130109
-1202794.9745839145
4757999.7533253063
6249134.3572340591
-5401178.1876047481
-254348.2687399820
5086915.4470853632
2131247.0249218174
2158385.1402617530
-1397386.1975949649
-2528462.0817684907
-3039805.3967686329
-799842.0493945743
-3266235.0942944630
-1472013.9768262485
2769270.0949929770
-4666994.6436551244
-749213.0453194335
-2051288.8941808665
-2800357.9642821025
-1710138.8515447672
-6611461.5508750248
-925747.3268517331
-2572724.6897732740
-2980231.7829090787
-842177.4150157540
1052159.2048596319
1272112.0525538760
2399666.4774122055
4889777.3473029726
2895922.2312567655
-2035465.0407243759
5557124.0539919365
-4179310.7070156769
939562.1259989015
-4122311.5615965613
3344997.3048319407
-1595768.0898941580
-771228.9471820602
-610382.7585683354
-1842462.4384966267
1077123.7035697068
4805755.0190843815
1194137.3846063686
-1027935.6985921094
-1370167.3790381029
-1705641.0357058159
-2238490.2099555395
-394584.8668905007
-3439039.7823551171
3805214.8354561897
-1639784.7317728083
99747.1302297117
-1611685.1298966364
2869479.8603971884
-3645400.0248012613
-5612057.8573905844
-1477172.3891062693
-7511482.5835387938
1225837.8038323365
4410009.8942872370
1373042.8509085960
-2735541.2705944983
632841.3039342167
2418653.7616663352
2630259.5931017514
2667740.8508110075
-2718081.2480079662
-1954067.1246315639
-2610557.8221740928
-1090591.3189856167
1628205.1850895420
-616461.4526990784
6744103.0362010061
2605601.4507098431
-4667003.1340820707
-1083548.0067627190
2257722.5258382206
-2448850.8286574467
1594984.6891250873
-324917.2570255324
REAL 273.0000000000
