-719.1587358941
-102.2180484799
-548.1146962156
-573.5044778555
362.7349233776
613.9191358353
261.3106325088
-718.6146175741
-68.0240320561
371.8297293990
-224.7835064410
-321.4385817379
-1337.3767697778
-308.3921935503
-619.0106251599
-835.5456824145
1011.1903957178
-586.2158028810
-719.9020832449
-333.0843173901
826.8733429461
91.0775022283
642.3412809139
345.1550276904
411.8050234349
-993.2897681008
746.4514362811
355.3224770612
139.1968854578
1044.3028189250
755.4248281980
-474.6045088182
506.5296752315
-538.2308480137
-1239.1560761801
413.8348474931
96.4343124909
801.8206532211
1247.5681744845
456.7481052483
904.9318060365
-330.7616888307
1312.1588041024
-624.4586283323
365.1815775769
347.1497175617
-396.4213721128
526.3399536081
-320.0283635017
-536.3254727046
403.8278741544
745.9210155193
227.3609777178
-764.1488100107
-496.5448741982
697.6474263561
884.8567408591
-349.1890798630
2247.5905845610
-690.9456836160
426.3381419680
735.9374694726
-70.5560958672
477.2225424912
1103.3045745804
1543.8244722060
-159.3963936694
1035.8601234596
435.2139570389
425.4300905409
-268.4629208244
895.4982954138
100.1289685947
-893.8883814075
116.6320828331
85.7539742495
883.1688139943
1534.9970560964
90.4570697762
409.6825771781
975.0277991168
-640.2007595487
-390.2708762153
379.6533856530
-335.0069836643
-70.4926574969
-192.2637681309
-43.9913853582
-71.5075738931
569.0550689382
97.4186324324
-1212.2017256310
390.0424031018
2002.8644720013
-550.4987410820
401.5326951367
61.3665780109
-1133.9712223056
124.0619767320
-251.9890088365
-437.9157482559
717.9210824070
198.7244530390
1074.9045032008
841.5246511508
674.6094033741
87.5045133454
510.1836743089
-963.7635419165
-467.7245822119
183.4518157240
-1275.8570830874
1036.1139317282
-328.1192529710
1160.3871635766
-210.3323475430
-617.7001582286
27.5049593086
618.7889276783
1289.3375141852
1214.8580974452
1658.9947559546
581.8538482453
259.5925836544
224.7767431153
290.0153424086
104.9373856333
283.5673480646
36.2154674397
-415.4212749169
88.8627401415
2112.9299544788
-127.9492329964
-293.9926998999
418.5359809158
621.4136388011
30.8291363962
325.6900860686
-1139.3201336936
234.0774742766
466.6492478634
1645.5459971892
832.9273128402
229.7309005400
-1181.7665483790
1087.6005013792
42.9051171076
432.2265481590
-3.6684172293
-195.3848981185
-824.6660405187
334.8394105191
1281.4888560130
-105.5451463447
-768.1395435284
-104.0133298594
772.4170355032
86.8588506983
1021.9533085626
657.7454144208
754.1454886047
1179.3121259945
602.5594059837
797.9710545913
399.7672341039
-702.0342258863
268.8400911906
-214.8785357312
518.4263489747
-749.1378820740
246.9806650472
1048.9044561989
1360.3896046956
1173.3960866650
-420.7150360730
-557.5870826772
1081.5188158873
467.8901834502
2135.4388553840
1938.9440839866
1547.0007458585
810.9070886484
641.9981744270
1493.0362675156
879.4213021074
-472.4222579551
-444.6335392795
-574.2723436779
389.5846191092
-1121.8525835214
635.0228671302
-632.6734113276
1345.3828519267
623.5273944685
427.8186090780
-214.2745733687
1122.3187809785
-543.6349141638
850.0048276146
-999.1251000912
REAL 273.0000000000
