9.888253e+07
96856924.5296080352
98613381.8031688597
99012200.5893202466
100748832.3121160201
100452990.7831457654
100983516.0899325215
99924483.4083165259
99942018.5640615937
97439298.6477649193
99262796.1538751009
98188823.6036551597
101097704.1082413265
98847230.4545027752
101082182.2700772311
100002354.9464264692
101787294.1552158252
100189754.9971901963
97993721.7505860125
100130954.6959675504
98506601.7348885699
99660511.9376166613
102245787.4812320093
99415525.0147767067
103043287.5138879315
100312250.4869268394
100819869.1800884318
99002693.6569653011
100616650.4147467209
100761801.0762913429
100355891.8364676352
99119001.5145380453
101561582.5793741487
99009387.8051602916
102326668.1404742330
100132906.0313964399
99042161.9854016333
102093126.1221319822
101773576.2975633852
101313741.9433363081
99686966.7759132165
96878672.2694310383
99223107.0852732218
99621778.3852682056
99011521.4209600450
98939230.0503364483
96468067.7444778994
96886832.6999088017
96837434.1507412178
102129734.7365466646
100194287.7958792132
98429882.4728259883
100284187.2315465444
100239121.1168817747
99927496.1926138894
98440329.7800041292
99027671.9117393866
99294755.5500459981
100700279.2668360857
95395229.2226881089
100930192.4335270167
98777142.3383647898
100696502.2430126241
103789823.8780646344
99474104.2555394405
98963557.7442067249
95783796.8914583109
101225489.9466606729
98114791.5904417635
99249557.5863164435
96909154.5288951472
99735761.2753783575
100182936.4933636841
97533287.1930870739
96881609.9471123353
101840171.6353695279
96335224.3865048444
99078749.8119739980
97551044.7288937095
101360358.3524354626
98049074.7994775760
98008989.8418780616
95103820.2653862509
99703412.4681893940
97850121.2078225423
97340891.0608797148
97900042.4366903990
101573061.7487092744
100698741.4606688645
97255836.7608247607
100442889.0507531370
99563045.6179926745
96893441.1886612220
99007665.4902685959
100118372.6206184343
97933549.4197423330
98597620.4237689201
97372859.5685970178
100586954.2772945340
100158480.8688113177
REAL 99312706.0000000000
