9.716100e+07
99047447.9200862615
100004940.0085542552
98742958.4729875212
99162097.8364782201
102671706.4766822780
101107443.1123433899
98636859.4865645399
97859709.6185356009
100495034.5068838199
99575035.2001917157
97148035.2283787156
98043572.2260902360
100791086.1695249549
99972721.6014036538
99631556.7017809585
101468292.3756112120
103191234.8173769804
99815699.4518322306
100997813.7345710797
99776857.8076863355
100765378.0708297995
100231228.6022258276
98446252.7794489753
101088312.7939184598
99163580.4004920096
99926624.6042840738
98306177.6609876761
98539504.0895888768
99282821.7572639063
99043471.2439364433
99691537.5339695181
100051424.6761122631
100954939.0013973694
99251222.5363020912
100055811.2142918386
99211769.2990946453
98971954.0563846657
97861727.8095700382
100240554.8387795323
101452359.3160873778
101122253.3312313740
98374727.9084057042
99318932.7721821175
101223697.8692633757
98827479.9421555842
97791784.1737730182
99757257.8974894173
98003063.8425194350
100643888.7020790016
98051157.1008547138
98271163.9679628174
99734902.2476838827
97570951.9760958772
97782424.7945934266
101501600.9976090680
96613587.5054846284
98801352.4811250431
98686958.3281102777
99997127.7691914501
99719095.8278722614
98414569.8870639104
100236922.0722129411
99521156.3313052850
97730600.0302817220
99490147.5236216808
99148024.8135182772
97677165.4135982631
102029426.0934706418
98663899.8686108685
100519837.2599990265
100999970.7402993736
101448725.9448943673
101180835.2969617707
99326363.3941671774
100729921.9555725492
97132591.8733445892
99682701.0095015821
100208025.4049241297
98842875.6325893998
99019136.7118418367
100762909.6738418591
98203028.9395849912
98191110.8135321000
100443264.1994297208
100119370.8598866641
97348253.9879341472
97588538.2298979949
99225696.3330880652
97365550.0938831359
100064458.0198371874
100030405.3640445204
100624307.9790283836
99479525.4032516434
100449286.3877534524
98941491.4244461044
98202702.6927539712
100242326.6747116249
98232503.5656137604
97889969.1235015170
REAL 99312706.0000000000
