16194223.8490794503
17502956.4201013272
16919631.2160594975
16441814.2216903290
17390030.5084275303
15869025.9621399956
18622425.3154731650
18862913.6962766455
16323969.9459620484
18729806.5466031848
17749906.8685264771
18899641.6742876170
18472830.4138147907
16823939.8203791877
16706870.6312548723
18678102.4450343819
17625755.7207204739
19228113.1930894027
17682089.2058527223
17489616.8121745630
17469081.4289240246
19057604.6473024096
18485621.6683205023
15345050.4835508387
17620998.8995602421
18214428.5419625350
17697699.0349097794
16673232.2941427422
18896375.8135168123
16864159.1425169987
REAL 17435622.0000000000
