17475411.3475049060
18210983.0914907691
17467675.0365610038
17231548.2521807212
18021107.5600884391
17409390.3877897491
17401273.5302505723
16635312.1122615880
17084318.0548220948
18009658.4490674622
17158041.6964098995
18406205.7599755130
17865266.2705889997
17403812.1592921929
17732583.8622733366
17431040.2869375008
18028069.8993944218
17463881.0944746732
17536379.4860592247
16863062.5802478045
17554725.2085440621
17255620.9121107362
17947738.8218831783
17199900.1753143692
17240003.1795177901
17444646.0296093998
18192833.3698785860
17543279.8056989565
16918811.7384767376
17218325.4317665179
REAL 17435622.0000000000
