17575828.1870405073
17356067.7120604292
17482876.2618870048
17541244.8609403938
17807423.9361624628
17214479.1867188342
17087796.3067303998
17484892.9055654630
17428812.4878064282
17531124.4566038648
17311090.2213518230
17167005.3645794850
17489318.9374193548
17647632.6812339870
17660718.2538411889
17650994.9507792037
17452462.9394305826
17552020.7212871583
17533940.7326098761
17438269.5220668335
17571291.3285644819
17489956.3471106509
17372763.7891650986
17341023.1829759769
17304048.0588938564
17726738.4204742746
17344567.1225214993
17453042.5684302774
16982987.0801730021
17288818.0578217151
REAL 17435622.0000000000
