1.790711e+07
1.803042e+07
1.697486e+07
1.697358e+07
1.896580e+07
1.914944e+07
1.618119e+07
1.577614e+07
1.675315e+07
1.555644e+07
1.751207e+07
1.985749e+07
1.814691e+07
1.711131e+07
1.703673e+07
1.824112e+07
1.836717e+07
1.734764e+07
1.816697e+07
1.550479e+07
1.608261e+07
1.615793e+07
1.659442e+07
1.647021e+07
1.931661e+07
1.761702e+07
1.859941e+07
1.753636e+07
1.619069e+07
1.779655e+07
1.642686e+07
1.800199e+07
1.684610e+07
2.080936e+07
1.891036e+07
1.523476e+07
1.588152e+07
1.772860e+07
1.921546e+07
1.764847e+07
1.662132e+07
1.748363e+07
1.548855e+07
1.824035e+07
1.846997e+07
1.914372e+07
1.730697e+07
1.827960e+07
1.703965e+07
1.630723e+07
REAL 1.743562e+07
