1.714221e+07
17322794.6123071416
17072904.2720633312
17241752.8330864997
17240982.0737478232
17258174.7247434507
17249162.7759008201
17541152.1242307591
17925205.1987402416
17630385.7330365628
17279635.4927593365
17361844.7731850953
17421802.4654124997
17425175.2389209588
17767838.9541214299
17124162.5639778216
17082914.9283324615
17184196.0222750784
17873640.3552570992
17273147.9609243796
17838513.0796581965
17393836.3963968498
16824702.5391803599
17711763.5181514109
17868459.2672732879
17648894.6112945395
17218230.8136615827
16782685.3409560369
17196299.5807423949
17610029.8186759187
17456600.9992816740
17929571.2883321569
17925746.7582744287
17304129.1177514059
16944730.6023282643
17732453.2742740651
17433148.4710858611
17373284.8957660094
17499646.5988693098
17938745.3017867149
17540851.2398168590
17047036.4875793316
17884167.0393664181
17415593.1120118481
17512474.6274985428
17581887.3998500506
17243512.3991810320
17737131.8658758573
18049229.5096353253
16952451.8926763847
17702714.6938447334
17473927.2543452545
17313909.5874699967
17602904.4326264384
17382437.0010219843
17392883.1101651599
17332261.3117874553
17080710.9245181749
17930541.0104520799
17586676.1544199953
18479772.6656726776
17845226.0286556346
17330279.7987513109
18265911.4072798243
17125780.3573351212
17221453.9719758421
17571151.7320296302
17496922.2024185851
17387120.6184048567
17457729.0960766590
16746097.7440459485
17941999.0267898855
17565338.4237440652
17711160.9361041298
17734566.3594869028
18166708.8168839062
17521572.8647454113
17460685.5720920277
16448943.2821964924
17516006.2826331473
17579317.0419144519
17169229.6475984936
17505992.1892517150
17327622.0732616735
18500941.1159417286
17407769.8693306988
16722306.1148006518
17483441.8583225136
17480307.6985936941
17072787.9662737594
17252896.0688796438
17426740.5561844607
17659750.1295645470
17218849.8996582610
17206518.8039422976
17547840.4026890352
17277952.6138500074
16925618.2813277976
17838746.4420531775
17890593.8960842124
REAL 17435622.0000000000
