1.698454e+07
1.772876e+07
1.678579e+07
1.761080e+07
1.736575e+07
1.802681e+07
1.734006e+07
1.764930e+07
1.775432e+07
1.654515e+07
1.687095e+07
1.702551e+07
1.802752e+07
1.819203e+07
1.792891e+07
1.694409e+07
1.803231e+07
1.767465e+07
1.739651e+07
1.791297e+07
1.747282e+07
1.817097e+07
1.829029e+07
1.649802e+07
1.813896e+07
1.750969e+07
1.756628e+07
1.888042e+07
1.743578e+07
1.665926e+07
1.688898e+07
1.684623e+07
1.705795e+07
1.726242e+07
1.722505e+07
1.760380e+07
1.673044e+07
1.741318e+07
1.777830e+07
1.745333e+07
1.805487e+07
1.728853e+07
1.741637e+07
1.746863e+07
1.744868e+07
1.682206e+07
1.659127e+07
1.781796e+07
1.772871e+07
1.797172e+07
REAL 1.743562e+07
