16764084.9108332009
17225352.0992538098
18224328.7433002526
17365646.3144955005
17108639.5833772902
17643003.3782371462
16846690.9688146834
17499583.5371018146
17028461.7983837190
17832766.6660705780
17421459.2233278424
17227150.8626654761
17142332.3475353902
17320638.2586618872
18088342.2034679290
17344174.7722099374
18388202.8524432580
17978213.9978444960
17397809.0430684825
17183951.3862786973
16889685.2469102547
16941717.4451722422
17429127.5230171445
17214951.2805514189
17237847.8055013665
17614045.4823932967
17009381.1764554982
17326909.4956157179
18330780.2016473047
17220601.2064217950
REAL 17435622.0000000000
