16860949.0468833520
17755878.0716388000
16596159.3385813960
17856444.4824556461
18245167.7781381588
17862253.7314754321
17411047.2255359372
17111806.0283916620
16988934.4362010408
16381459.8319163633
18336539.7547666339
18802034.1992640870
15502046.0693152778
16764444.8098269046
18301477.3496011153
18277265.0392254634
18003893.5385645648
17545948.1826235450
18103215.9574501018
17512442.3445908280
16881393.8592763508
16499313.4107844001
16880013.6010686729
18499783.4802356338
18605708.5627932959
14853933.9048334895
16781382.7500591737
16825476.7450429339
16245665.8570342658
17835933.0344497857
REAL 17435622.0000000000
