2.125226e+07
30106954.6372767448
27148957.9377976766
29127818.8720561042
-1405178.8817451723
20357045.3699061047
14340144.8905335840
29320308.3014654775
4475050.7992940306
-2049856.5208225919
9946316.0476840529
17935228.5528043782
731982.1930586046
24170355.2936680790
12473449.6907266565
42285595.6439753486
12443232.3759656840
13463160.9990146329
-12369232.6634995074
613314.0369697216
7851671.2373668197
17449644.0680077129
13585353.5517607624
7492117.1893932726
38221208.8088861371
58687826.1923450918
10489101.9296394529
28522952.5625391222
22903900.3945799331
26430636.5294498445
32945052.2015325342
23984786.0015863154
17252408.9859064004
10649656.2618179425
26112950.3525516733
26505231.3479436159
39809443.2446412777
25210878.4082781423
8003079.1988661340
2654807.9775074883
17285547.6852083860
1612506.0071737562
6144248.2317058195
-9965784.9611155813
43847881.6237625598
-16407893.0555416995
9666012.7592210029
3038447.2959569482
14078883.8719941655
21646680.3421041026
REAL 17435622.0000000000
