1.750932e+07
1.724875e+07
1.801915e+07
1.674790e+07
1.716013e+07
1.762167e+07
1.732378e+07
1.669218e+07
1.809158e+07
1.732414e+07
1.677234e+07
1.686903e+07
1.729738e+07
1.748479e+07
1.741987e+07
1.762134e+07
1.660392e+07
1.734248e+07
1.724932e+07
1.738880e+07
1.734118e+07
1.714972e+07
1.711214e+07
1.742862e+07
1.719784e+07
1.713177e+07
1.732845e+07
1.715114e+07
1.659525e+07
1.759587e+07
1.767007e+07
1.775938e+07
1.728608e+07
1.779992e+07
1.743707e+07
1.770080e+07
1.776764e+07
1.767696e+07
1.749745e+07
1.722582e+07
1.791428e+07
1.735663e+07
1.706063e+07
1.722831e+07
1.758869e+07
1.731391e+07
1.774602e+07
1.731663e+07
1.738748e+07
1.812686e+07
REAL 1.743562e+07
