17395581.2772087979
17113112.8906934692
17326126.1368774379
17015517.5997812519
17594944.3111037300
17806720.7605228747
17591044.5143343726
17306467.4518177753
17343856.7466117832
18015874.0128996702
17403487.6397876998
17523513.1603255808
17616490.2347584792
17566312.9758383218
17270440.7987887110
17003597.5102785143
17280178.1942793153
17541476.6284359805
17446170.7141361031
17043828.3443908422
17439974.3049023139
17306011.6669539447
17279583.2844864637
17216871.4135769930
17249507.8977793444
17213223.3379312594
17807257.7077397250
17319777.2847066009
17352084.8451652236
17522455.3817261945
REAL 17435622.0000000000
