1.779767e+07
1.792669e+07
1.714116e+07
1.756641e+07
1.721646e+07
1.734487e+07
1.742480e+07
1.743094e+07
1.749946e+07
1.747997e+07
1.737269e+07
1.745625e+07
1.730203e+07
1.708133e+07
1.722049e+07
1.689509e+07
1.790487e+07
1.775125e+07
1.762006e+07
1.777866e+07
1.748068e+07
1.799037e+07
1.733289e+07
1.745307e+07
1.742741e+07
1.744522e+07
1.741375e+07
1.774181e+07
1.758410e+07
1.749656e+07
1.721451e+07
1.730748e+07
1.768403e+07
1.765255e+07
1.736300e+07
1.761637e+07
1.721076e+07
1.723117e+07
1.736527e+07
1.735406e+07
1.773135e+07
1.746486e+07
1.767688e+07
1.729885e+07
1.734466e+07
1.750079e+07
1.759122e+07
1.768700e+07
1.747191e+07
1.752234e+07
REAL 1.743562e+07
