17208854.1510424974
17452523.4603553421
17605901.1518797375
17245900.1044359753
17587850.3067778630
17612522.0569958391
17472002.7699557113
17770275.7948605702
17595051.0158128535
17580241.9084597351
16690575.1002902221
17449043.1257326850
17067725.4344048429
17346444.4474237282
17602362.1539578165
17252614.7562865331
17634900.8843973737
17597818.8171116827
17119300.6770062359
17080006.5359834401
17645788.4443571693
17415239.2284847168
18037741.3338384635
17684327.5151293162
17527998.2669292254
16777438.4831301194
17068155.5099360366
17277283.1311656912
17731767.8446107361
17920291.0103945758
REAL 17435622.0000000000
