17954577.7794424815
17014767.4734403715
16867371.7257684439
17133043.4826774999
17068559.0827935074
17209896.0014895434
17230636.7129224110
17379199.3945070933
17005414.7261112447
17719674.8129980383
17457335.7886721903
17235886.1663834334
17833600.4493408176
16723301.1692688895
17386332.0847815497
17436178.4067113252
17496648.0406987869
15964511.9967702661
17172254.9693034233
17252009.2054304330
17776885.1915901909
16906930.4069228011
18184099.2144643187
16776548.9496932535
17508360.1157824040
17669046.1156415200
17406706.3664490300
16756051.0336800820
18006698.8830384547
17990193.3426823857
REAL 17435622.0000000000
