17495361.7113789148
17664576.8630295832
17750315.1955270739
17201400.6163699313
17012945.3496178776
17040322.6059460205
17323300.8958162843
17621082.2436458000
18012301.4968811526
17473066.2336704351
16984282.4001446855
17522438.6658943381
17461213.2243003456
17298689.3059751647
16730848.4744604817
17559168.3789740320
17163908.0643511643
17695607.1628404559
17414812.0896506745
17449080.7522468919
17707270.6822189314
17364697.9198581819
17567043.7329494554
17396953.2831288821
17401266.0486465484
17471177.8439776479
17594900.0041414084
17373910.9908506339
17495911.4414404308
17344546.3264484000
16733842.8329009956
17275870.7074782853
17996821.8748895534
17962403.1153188836
16942814.6897832655
17258949.8936664410
17864996.2512378043
17407611.6108550364
17575866.6655939198
17526043.4727491769
17545044.8054383213
17223373.0508503306
17540842.9521179033
17333958.7577784712
17440393.9820491280
17354652.4165559108
17073389.7111167019
17907342.1629133657
18016725.9939684015
17430503.0708595663
REAL 17435622.0000000000
