17359476.0638856757
17429301.5346670611
17443763.6319318933
17487363.9407133733
17578780.6499827349
17588417.5620084752
17494778.3980709157
17505214.5208047199
17380780.6065489882
17595251.9172100336
17281391.0630096748
17463568.7563798143
17373795.6786660546
17523178.6592424143
17585338.4967546983
17422210.6979996437
17335065.8000806893
17440703.4386123988
17471929.0844504437
17627274.4102301374
17486943.9549566142
17567149.7380585264
17422104.4444195171
17707708.1889417694
17737519.9583399540
17605642.2636497808
17085405.9325487248
17378056.4298486781
17378397.1515815960
17331573.8275849508
REAL 17435622.0000000000
