15192493.0086866801
12817556.8522259838
18538121.1841463424
17182073.2857831724
19704267.0118622505
16788708.1946069745
17627128.1787115056
17487698.4675577802
17019441.0463937362
18122326.1330316010
16665100.9351327032
17686918.3278125833
18499410.2429774426
21424740.6556454447
16043070.6565054934
16622107.8133221899
19347886.7248480518
17213756.1435597531
17006123.8339195248
18711164.2778355935
15001188.8725165873
21337914.2607180755
14422874.7138700774
18274583.6448672258
18212153.1707762848
15110426.3643470118
18299300.6542739274
18010178.6047225105
18858520.3534924948
14610465.0452460020
REAL 17435622.0000000000
