-1.045159e+07
2.281321e+07
2.062501e+07
1.072313e+07
1.940777e+07
2.942018e+07
1.446796e+07
1.361231e+07
2.089227e+07
2.254099e+07
8.383391e+06
-9.326672e+05
7.171597e+06
5.501450e+07
2.282005e+07
2.295999e+07
2.861228e+07
2.855574e+07
2.025680e+07
1.671621e+07
1.180628e+07
1.965908e+07
7.533516e+06
1.257176e+07
7.937796e+06
3.170965e+07
3.846354e+07
1.668866e+06
2.863954e+07
1.314549e+07
6.515718e+06
1.213973e+07
1.365622e+07
2.991673e+07
3.081302e+07
6.733264e+06
-1.896168e+07
2.018497e+07
1.720056e+07
2.588325e+06
2.941388e+07
-1.779000e+07
1.501597e+07
4.241818e+07
2.535123e+07
-3.629911e+06
3.187607e+07
3.640040e+07
1.618965e+07
7.438872e+06
REAL 1.743562e+07
