16506749.0669545987
19216295.7326909465
18562324.5467789000
18571578.7795570592
18430854.6082327042
17556534.0333669812
19403743.0141824704
19145078.5781349147
19141502.5539024368
19475257.0614160638
18190170.2059611174
18907803.9770167044
17026835.3818674343
17497178.0236784510
17458950.4894212355
16404088.5997463543
16345164.4964693963
16281975.6305788676
20395046.7408219381
16150722.3209008148
17874341.4436484112
16683425.3478756821
16858974.7195005933
18427218.3557440775
16919283.7911428320
16440906.3746779988
18363612.4173097057
17967509.9647284152
16401619.9849523282
16714834.1358637677
15786656.9411635053
16815240.1149309687
15770653.6691085372
17850851.9170363934
16608880.4051981942
17237253.7888300936
18952378.3548541485
17003246.1969044058
17708344.7301544189
19833924.0410337987
15189476.3142520912
16290041.1593408616
17159945.1129743842
17540166.3529818357
18404986.0480782141
16558362.0506308426
18094514.5410336356
20280765.2861713806
16640687.7536848875
17939863.0992500079
REAL 17435622.0000000000
