1.766679e+07
17488675.9427785560
17573859.1728189912
17553946.2934140396
17757237.4506862799
17734448.2245819942
17622267.8067697602
17755853.1483125825
17340941.7909824905
17409083.4380330436
17108619.6623452985
17100265.2281808310
17670522.3684341407
17519721.7553127084
17413736.8524111623
17506705.8727111424
17528697.4820988279
17442855.7567536974
17335023.8083698831
17090708.7942865969
17537983.5428476521
17532720.3695056051
17123337.7743732201
17356466.3867100458
17524894.1729940692
17366358.4519659627
17628838.0225535392
17563498.0941530671
17322301.0664194462
17538131.7586201627
17655723.7900445455
17202551.6189287415
17789510.7600827748
17387505.1999370415
17531398.1326268690
17405000.0876009442
17151420.7417127735
17990363.8560134534
17458714.1967551912
17576053.4124689716
17411769.0887196206
17117783.0242990552
17628703.6977248303
17492550.1149469338
17316969.5458746713
17149162.4807630791
16843534.2737689650
17632647.8286944949
17805737.7593446897
17253420.7059901498
17710811.8644105891
17820631.5831509520
17073553.5448246215
17430604.0716892227
17480377.5727526784
17232396.8210408181
17367395.3798864288
17474897.8889961723
17665915.1702402287
16848994.0707794562
17536858.8589990483
17492231.6910785601
17094270.4504501029
17462500.7617601325
17528024.7283053266
17254072.9158360564
17760754.4796769393
17262646.3806094133
17473064.6293157373
17631770.1383680552
17246481.4947957562
17544922.2365469643
17153421.9861767570
17335579.7268864555
17552905.2347248105
17652429.1218458290
17848564.0108624951
16844591.3037873731
16979879.4976678080
17760277.1437912891
17601715.5029125614
17669365.3535503935
17534768.2664299871
17070442.3755931060
17555518.2905469489
17507898.8176210323
17356557.7889753551
17221049.7341291591
17338825.0409825690
17057038.0223098068
17396898.9860862674
17272613.6953774358
17320640.4653257386
17703817.8652192075
17329194.0055887556
17591113.9661758565
17558060.1620981188
17693730.5046604953
17494042.5959935498
17492958.2409787048
REAL 17435622.0000000000
