38723482.8496907787
12380080.1375921678
19763768.7813580856
25927010.9094562291
16056269.7472593922
18387701.1719443626
11760208.5938688355
9664567.7173812199
6210781.0595077929
25965429.5061305762
12637070.8958246451
2045367.0856453411
20866665.9206867715
30604911.9861537927
15798779.9421563969
17370098.2153531792
24441562.3443184383
10650474.9842303523
8834609.5634311806
17723731.2449037617
6726620.5601357319
16594448.3494117859
18114139.9615557874
15671433.4721135178
10349669.2205041638
3672525.8270792079
14509207.0763177162
35008267.4689732222
12116572.0262728342
3159748.4413993751
39502481.7380110029
27025798.0209637418
14613080.2131907953
15664430.4840643140
10060324.1716484179
26639715.5936592074
31796022.7951934203
24558063.5900147247
26272757.8782567866
19610629.4437074969
13621694.2834911034
2031176.7057578192
25586602.7585916881
14126606.6659786060
20845088.1822485412
13644498.9780180650
8553487.4166853198
20413823.3238340660
21155261.1977063365
11124117.3093514297
REAL 17435622.0000000000
