16955173.1892719253
17141511.8504288684
17358525.3561140774
17505204.8223162075
17796811.5891638222
17587981.2392363960
17584982.5456627458
17452509.4132822019
16810738.1893471450
17908880.5239963988
17766222.3562288357
16916376.7462049626
17518922.3469698642
17904805.9887079094
18448924.5378566773
17705947.8764635790
18194549.3547736127
17373547.9593291576
17267212.1913766577
17325354.7836707495
17258823.9483560140
16727725.1172432359
17025992.4085732497
17898174.4485471297
17081754.8617934570
17361815.4682009711
16818383.4724652739
17207718.7932062905
18035085.8024779659
17129531.2498767717
17416335.1229718116
17359457.8600276080
18725759.9015703507
17042536.0262503937
17214741.8496442195
17206090.9562135030
16990705.6454586026
17340738.5147255181
17524244.3547954827
17642557.5367268995
18197902.3562541404
17192211.8331981584
18255012.0253574438
17543917.2947850414
17666171.3148924905
17586358.8889109014
17402127.5694352025
17047757.8816067271
16747103.4663513372
16715236.7927628068
REAL 17435622.0000000000
