166957454.6443497056
-202475944.6332205263
50567489.6804381811
-54144321.1401456443
452459057.4904709252
203790188.0793344888
34135411.9505498216
-254160090.2344329485
-339187330.9928317395
-27081810.0017576094
165091523.2497844878
138162980.0543653499
-20675075.2105065534
-67627713.7797387467
-234417286.0006434067
-19700282.2377981755
28980212.2522797772
-361696075.6221046732
-166043160.3814496183
-10166440.2356031888
-282950651.1332735218
2173725.5737264971
-214706560.3845001713
-24189281.8770709350
168698152.0359186890
-3847580.2683954599
-245231420.4745358642
80672609.7486542037
56726831.0231027896
67209489.4997433917
80483204.1114965290
-313850758.3695701557
255707118.4755741813
401856737.3101566502
159117558.7073876164
471977921.6294691852
-38787899.9318533089
-423057882.9731480750
89592773.1555614642
139916053.1688118468
-211391170.6627227178
259121746.2309885471
453124256.4941073981
-252588554.4346244202
195008889.8149209163
9057688.2534756722
297384045.2695495873
-35051157.8535826070
-180520422.9682501506
-67915063.9356838702
REAL 17435622.0000000000
