2932018096.4546411883
2954825076.0670808631
2936701059.8585892504
2911204791.3138633557
2972839635.1013075043
2947236927.2695392277
2942767358.0068401359
2945634883.1663055194
2971584227.4736503691
2965323117.8541416479
2967985684.2892837431
2939608725.8660242001
2929713512.2866116660
2964044504.2540310510
2987249383.2330753899
3000566098.9488534604
2998060447.5438685569
3002521701.9253884652
3000403332.0278156535
2961200682.1796471351
2964920212.7898799868
2963650698.2888559033
2909800050.6953611861
2940213767.7628771781
2912015338.2276140263
3005394547.1569849090
2952857912.6509724499
2973858388.0401199588
2985878379.9879541041
2917566747.0798564525
3047829127.3312975385
2903630971.9770626940
2958705612.1090353592
2983543089.1750228174
2941913782.0251104245
2960321782.5031675966
2959781250.9686080038
2958830435.8251617933
2973989051.1036561683
2990474009.1671047970
3023487539.9051774873
2970887223.0884139838
3016633993.8741045098
2911290944.5889486084
2948568367.9310540250
3024129010.5669404643
3002014226.9029400519
2989501569.7357667263
3022245054.9815699302
2981376604.4552923543
REAL 2967011255.0000000000
