2981574285.5552667973
2966075432.9643186277
2966075432.9643186277
2955928105.8936072546
2949871246.2115066270
2949871246.2115066270
2938223975.2841726867
2968586321.8255844251
2968586321.8255844251
2960037831.1175501402
2968326938.6787829681
2968326938.6787829681
2973953237.5665166609
2982498474.2914817536
2982498474.2914817536
2992503443.1206224717
2930493613.0017313000
2930493613.0017313000
2947090563.1109998969
2937674750.7212875355
2937674750.7212875355
2969341558.8486098780
2946741591.4567677842
2946741591.4567677842
2949862712.9206399811
2954615214.5793391110
2954615214.5793391110
2977512579.2434262673
2962386474.9403852040
2962386474.9403852040
2944769919.5021173097
3016344162.4026947252
3016344162.4026947252
2970090002.3102734801
2930638031.6801730965
2930638031.6801730965
2971289459.0067269804
2954618995.2999228814
2954618995.2999228814
2933741937.8419323140
2988704434.7513042195
2988704434.7513042195
2968425737.9224506652
2960165558.3658861900
2960165558.3658861900
2970817155.2805426996
2972755875.2712681687
2972755875.2712681687
2950836942.7151492122
2983095264.1919198586
2983095264.1919198586
2976437927.8796183805
2941761999.5284245522
2941761999.5284245522
2978231188.3138243605
2975931357.5482364029
2975931357.5482364029
2949964430.9305496777
2924368531.0505985802
2924368531.0505985802
2962806055.9849132714
2980438960.1518782342
2980438960.1518782342
3003454874.2525822110
2949800402.4765106721
2949800402.4765106721
2987123884.6664661716
2967162186.2259930868
2967162186.2259930868
2969839012.1745769656
2942316683.7144282029
2942316683.7144282029
2978652059.9422502243
2961912027.9026967259
2961912027.9026967259
2966135670.9550893367
2973075700.5347257270
2973075700.5347257270
2959660467.6257741475
2970123188.8632077859
2970123188.8632077859
2970067787.9391081689
2999307569.8730497635
2999307569.8730497635
2947411810.9544887219
3016428417.9574333690
3016428417.9574333690
2973780063.7096922726
2963525729.4607286307
2963525729.4607286307
2964482844.6424514987
2932364370.2472020506
2932364370.2472020506
3006658340.6912172481
2963500347.3388821096
2963500347.3388821096
2931360773.0224478575
2927334287.5178968073
2927334287.5178968073
2991316443.8598324116
2950643058.3881772216
2950643058.3881772216
2975064239.5862400364
2954794425.3167079207
2954794425.3167079207
2999938455.5235404698
2980326013.7546156347
2980326013.7546156347
2954267059.7218012291
2963180106.9710319487
2963180106.9710319487
2971387251.7820196475
2971487683.7446892837
2971487683.7446892837
2976539353.7155801675
2985960430.8442018013
2985960430.8442018013
2955192343.7375234645
2958760280.4609907502
2958760280.4609907502
2957061213.9148293852
2991154853.3006403870
2991154853.3006403870
2963466956.7730162491
2952120064.3121287948
2952120064.3121287948
2966634947.0490431180
2982711862.0543901799
2982711862.0543901799
2970702526.5945581028
2985749869.7113449264
2985749869.7113449264
2974046072.7030119675
2975206718.4274682300
2975206718.4274682300
2960688314.4418801356
2955871032.4879657843
2955871032.4879657843
2952931071.3503253493
2990317148.8084031804
2990317148.8084031804
2973823251.7827688572
2978990481.4689197736
2978990481.4689197736
2990882642.1035893660
2984577516.2854751730
2984577516.2854751730
2975069951.0449632660
2979799062.4578526230
2979799062.4578526230
REAL 2967011255.0000000000
