2983940184.0096199505
2952191026.0271540715
2967384564.1755314062
2987166927.9222959012
2994319740.5587208509
2952878824.4810306556
2955783686.2106538611
2953689774.5500422132
2985249518.9808596871
2937907167.9558231952
2943795675.7222969339
2956499743.1003612536
2953705477.5990162555
2979767126.9013719379
2951404837.2749685908
2987820728.0267651991
2984756284.4782956885
2953238285.0959910986
2986882512.3953698208
3000248753.7685295218
2938210137.7173611391
2983574536.1580806880
2983925314.5845203579
2993356583.6961105494
2973280761.4937285862
2982562583.8023318457
2984896463.4974696452
2967673708.3390634621
2993709184.6818506762
2969506980.5699805915
2969241785.9852591776
2954423475.6305718087
2975842718.4015628526
2968549349.7663331381
2971685971.2615006384
2962165616.5348373933
2953964622.1826146878
2952160589.0421492476
2952296901.3678744249
2974179805.5614963078
2975175188.9424327267
2960117871.8503279637
2970151644.4561310271
2958486884.5642193421
2953964620.0765316586
2963550181.5482584389
2959331768.8648835493
2961108209.5861530835
2967941589.5325517503
2961384334.3708818369
REAL 2967011255.0000000000
