2.946504e+09
2.953917e+09
2.974796e+09
2.987772e+09
2.957298e+09
2.964941e+09
2.947814e+09
2.965911e+09
2.950961e+09
2.962530e+09
2.989716e+09
2.966512e+09
2.974372e+09
2.941249e+09
2.954265e+09
2.964915e+09
2.949840e+09
2.977709e+09
2.960460e+09
2.976037e+09
2.969061e+09
2.950623e+09
2.962316e+09
2.943235e+09
2.935848e+09
2.979708e+09
3.004212e+09
2.955985e+09
2.962008e+09
2.960510e+09
2.982800e+09
2.978379e+09
2.970957e+09
2.956897e+09
2.961300e+09
2.997080e+09
2.954218e+09
2.973737e+09
2.948338e+09
2.951735e+09
2.975937e+09
2.968750e+09
2.969443e+09
2.996091e+09
2.942014e+09
2.955763e+09
2.962402e+09
2.963298e+09
2.988774e+09
2.975432e+09
REAL 2.967011e+09
