2994401760.9037637219
2962036346.6083915683
2962140642.1244388863
2961954639.1844598290
2946310253.1582545037
2976696755.3944616616
2958015672.3574415976
2975470274.1016127912
2980445944.5184948281
2980564842.4467288256
2985493144.4565820880
2938487977.2447627785
2967942445.2888797999
2974597223.1360768289
2950741393.2200095179
2955149460.5912698465
2952863185.9705819723
2956080618.5650282947
2976368388.5113931028
2970450512.0173031706
2960792464.0018691709
2995428314.1600048034
2967904784.2866737074
2970015794.8439887257
2982754686.8238705846
2974107022.6134622185
2950298289.4241337476
2943502528.0614883448
2967349378.9670903452
2965592999.6009902160
2956986867.9264839981
2967019078.3582107022
2974807978.6045253982
2962946364.1662561425
2977013817.3612623496
2967535469.1792413739
2962704319.3285164342
2974280877.9515451931
2974260044.9842958050
2958563430.5544593283
2947987502.6346788360
2968207763.6097685173
2960949458.3952667536
2941307834.3085333249
2972640632.7410625021
2984056551.3939892875
2972414703.8607422321
2983223936.7399088170
2970812490.7768549584
2945958203.7479458237
REAL 2967011255.0000000000
