2962432065.2595160697
2958781978.9757720975
2958781706.6377957109
2978466583.5176541060
2979088351.9882908405
2974705940.6627463475
2970338447.8080741197
2954118154.5559340802
2954998937.7330835045
2961364430.4491944464
2971505553.4313413734
2970538916.9434912424
2973962939.4540764636
2981454077.3353448939
2984299033.1471881438
2953407130.3297760689
2977665743.0699235830
2955572195.2456204484
2950199925.3272193687
2989040410.9541871699
2961719558.6772623367
2965374009.7635327610
2970482806.9491931086
2964003460.9228828237
2973308381.6098950899
2973595551.7090360424
2981564900.3150126741
2955974030.9653071347
2982713511.8347317653
2977567695.8384894610
2955259294.0374985293
2972982999.9407401143
2973438319.4187531604
2951385008.6991953277
2968248908.0595671423
2969815422.3787932280
2975833679.1138976153
2967278055.2608072474
2969636141.1046209380
2959928647.6304984819
2955276477.3088920168
2971596409.7166124508
2981897477.5465335958
2982620713.5714489468
2981833071.5441026676
2966539319.3991608932
2955465492.4450183224
2976910864.3854651114
2968334260.9697627609
2973403679.9250224440
REAL 2967011255.0000000000
