3.002323e+09
2.929811e+09
2.955917e+09
2.972000e+09
3.055316e+09
2.988508e+09
3.017329e+09
2.816644e+09
3.066240e+09
2.942109e+09
3.009203e+09
2.968792e+09
2.915101e+09
2.874587e+09
3.026254e+09
2.946286e+09
2.995120e+09
2.937016e+09
2.980132e+09
3.003522e+09
3.032693e+09
3.105282e+09
2.934480e+09
2.943359e+09
2.878833e+09
3.054993e+09
3.081293e+09
2.958579e+09
2.953833e+09
2.937938e+09
3.124073e+09
3.105414e+09
3.031041e+09
2.954621e+09
2.923470e+09
2.937025e+09
2.937946e+09
3.070394e+09
3.031390e+09
2.956387e+09
2.768962e+09
3.001336e+09
2.913099e+09
2.937696e+09
2.895144e+09
3.093542e+09
2.910510e+09
2.892949e+09
2.941717e+09
2.996601e+09
REAL 2.967011e+09
