2957714591.4829361739
2895872578.5748318045
2895872578.5748318045
2955580671.1941857352
2995791597.7306474843
2995791597.7306474843
2970427139.0128123937
3090257508.2131786135
3090257508.2131786135
2968111728.2713867987
2944169534.9035266517
2944169534.9035266517
2883543758.7383567663
2995855067.5895315397
2995855067.5895315397
2942232697.6351027982
2870330895.2930653654
2870330895.2930653654
2988835383.8446151684
3069449251.2935302106
3069449251.2935302106
2971337556.4674536299
3055041602.0655635721
3055041602.0655635721
3037022009.2323545248
2988332170.5307356929
2988332170.5307356929
2934678457.8372612330
3039911351.1876459445
3039911351.1876459445
2918774936.1954099976
2999735805.6958919277
2999735805.6958919277
2914174631.7614798471
3125439512.1999718440
3125439512.1999718440
3017555583.6212778722
2860242118.4718689150
2860242118.4718689150
2984828686.7358393990
2910084094.2716018341
2910084094.2716018341
3013300028.6756830188
2921243921.1518705760
2921243921.1518705760
2936902596.3310718078
2921167793.1006064634
2921167793.1006064634
3004690021.8403692243
3014720331.6996802548
3014720331.6996802548
2952423835.5055066387
2980014513.2764080260
2980014513.2764080260
2949828125.4536934362
3125276188.2905069771
3125276188.2905069771
2962054574.1437179851
2954540812.0501625766
2954540812.0501625766
2937109178.7306537461
3036247149.2661489793
3036247149.2661489793
3007317124.0250521025
2920768927.6882022633
2920768927.6882022633
3007769982.8874814971
3021670869.3167623493
3021670869.3167623493
2962222874.4462448040
3039362898.3104447876
3039362898.3104447876
3012887364.3373666049
3113518838.4987814683
3113518838.4987814683
2958450533.5686179309
3066027531.4651846553
3066027531.4651846553
2968980976.7419709696
2930344598.7703949951
2930344598.7703949951
3020285583.4040682605
2943230708.5464342723
2943230708.5464342723
3051764809.1230325326
3052885717.4737322442
3052885717.4737322442
3055535836.4804010163
3146113097.4614214932
3146113097.4614214932
2931179417.8142387276
2973903745.5227084802
2973903745.5227084802
2987384152.9667371768
2976804481.9435824282
2976804481.9435824282
2918912982.4455464873
3042647729.8507214512
3042647729.8507214512
2984562541.2930916271
2905573766.9408183845
2905573766.9408183845
2982954910.1830733104
2885820027.4702557505
2885820027.4702557505
2941439292.9986361782
3111097224.3047265019
3111097224.3047265019
2949020179.6516480213
2993061771.2704160663
2993061771.2704160663
2895041776.6981987092
2840942217.6114506747
2840942217.6114506747
2995854257.1646371987
2932466294.2539902676
2932466294.2539902676
2925902291.6461998280
2982794080.2874470048
2982794080.2874470048
2968595008.1331619122
3047467749.0659595612
3047467749.0659595612
2997080471.0171544466
2930973632.6404375508
2930973632.6404375508
2981029604.8631876551
2976885803.1045268164
2976885803.1045268164
3014879240.7524209223
2939357363.3758589951
2939357363.3758589951
2966070587.9759720401
2885963117.4060375188
2885963117.4060375188
2961872223.5330546377
3054219331.4413484547
3054219331.4413484547
2958917076.9037403413
2962521979.3483143705
2962521979.3483143705
2982835213.9524593800
2966991349.5393440144
2966991349.5393440144
3010698857.6982266703
2924918641.0638101590
2924918641.0638101590
2942602363.1701854877
2855239805.0766508344
2855239805.0766508344
REAL 2967011255.0000000000
