2954661600.1740989024
2884100222.5878569009
2884100222.5878569009
2969820244.2398354928
2928108832.0400481876
2928108832.0400481876
2965006598.2457793925
2980404917.7377669348
2980404917.7377669348
2957641262.0065280546
2892457695.1579902282
2892457695.1579902282
2979234794.6247765573
2955817134.4301219562
2955817134.4301219562
2939411899.8017368265
2965858911.2915142013
2965858911.2915142013
2958584200.3707997312
2970500464.7529444478
2970500464.7529444478
2957827594.1789500974
2959957374.6167327799
2959957374.6167327799
2983944356.7969288903
3008120608.4568029642
3008120608.4568029642
3001029892.4282167314
2936776760.4924923386
2936776760.4924923386
2989942185.6472696848
3011288988.2544630668
3011288988.2544630668
2970122050.7753109075
2928374218.3213227873
2928374218.3213227873
2974261016.7086497140
2905030535.8790954405
2905030535.8790954405
2973055375.2386906354
3002683638.0177447125
3002683638.0177447125
2979526174.6527167303
2943771361.7479059454
2943771361.7479059454
2944693693.1409701577
2909725152.2871178954
2909725152.2871178954
2950865319.7952901900
3020683129.4053004731
3020683129.4053004731
2970433948.7510702128
2933690696.2074886130
2933690696.2074886130
2981524635.3240976229
2916012221.3361901708
2916012221.3361901708
2989185014.6191545341
3004199631.9159450631
3004199631.9159450631
2984186677.9812120446
2963968121.6375961993
2963968121.6375961993
2994077958.6671309557
2928327293.1085787523
2928327293.1085787523
2974752031.5545556352
2975251816.0786141942
2975251816.0786141942
2960354154.6921771895
2987223195.2873869247
2987223195.2873869247
2989845969.9064510902
2980274584.7685061558
2980274584.7685061558
2980496417.2933248975
3024580375.1246065164
3024580375.1246065164
2943411991.3030104197
2946235350.7493687419
2946235350.7493687419
2991631255.2463958829
3042730045.2570673749
3042730045.2570673749
2979395458.3784809567
2935313103.2980943325
2935313103.2980943325
2981059945.9661425187
2992259332.5167508249
2992259332.5167508249
2987226436.2666139146
2994966988.8219734780
2994966988.8219734780
2969366709.9901178514
3011775543.6532418679
3011775543.6532418679
2944432206.6583593905
2979630519.9989357160
2979630519.9989357160
2918039923.7846121094
2927098961.1611084729
2927098961.1611084729
2946420886.1409218509
2934277117.3418233662
2934277117.3418233662
2955417979.1698760467
2900609009.0993757227
2900609009.0993757227
2956533947.1018003086
2957127051.2947523100
2957127051.2947523100
2966370946.8290853882
2899394331.2453209050
2899394331.2453209050
2954609404.6584630683
3016218072.0190968690
3016218072.0190968690
2965823708.6872227634
3000882253.8273918838
3000882253.8273918838
2952362524.3462889818
2934665363.9903627401
2934665363.9903627401
2962242239.6895460989
2950000743.9369655272
2950000743.9369655272
3013929601.4156874963
2913125563.2011747635
2913125563.2011747635
2972355358.6310738418
2985621873.5298796953
2985621873.5298796953
2970680464.1342774467
2956654407.3238248939
2956654407.3238248939
2980857935.3318953249
2936324150.4967858647
2936324150.4967858647
2964517003.4774588801
3054433627.5720941268
3054433627.5720941268
3008495285.7829555841
2961130734.5461020696
2961130734.5461020696
2958478626.8234552778
2940983201.2949027829
2940983201.2949027829
2967021157.9231004489
2937302265.7199438261
2937302265.7199438261
REAL 2967011255.0000000000
