2.945353e+09
2.967945e+09
2.920871e+09
3.029077e+09
2.976406e+09
2.974824e+09
2.907003e+09
3.017639e+09
2.945256e+09
3.025796e+09
2.965521e+09
2.982007e+09
2.934237e+09
3.007028e+09
2.979590e+09
2.984713e+09
3.017646e+09
2.952286e+09
2.976735e+09
2.921898e+09
2.956089e+09
3.042649e+09
2.918874e+09
2.936846e+09
2.997610e+09
2.941241e+09
3.031893e+09
2.999604e+09
2.915878e+09
2.967394e+09
2.954037e+09
3.012149e+09
2.931714e+09
2.946563e+09
2.959631e+09
2.996475e+09
2.939671e+09
2.968345e+09
2.992680e+09
2.983361e+09
2.961782e+09
2.975495e+09
2.919207e+09
2.966999e+09
2.987539e+09
3.002132e+09
2.977750e+09
2.983943e+09
2.980124e+09
2.952747e+09
REAL 2.967011e+09
