2959661787.5848138696
2980312309.4780113439
3025040023.4833868383
2958967899.6285606599
2892363297.3645066326
3020824836.7772092791
2952267526.3401139781
3043048876.9687222918
3010022866.8941460128
2959009367.4450781280
2990587542.5636691514
2982724946.4519101135
2965248022.7437625234
2934919041.9983924511
2960011048.4081906683
2966307135.1189270695
2939566515.4264916633
2976937348.2337180059
3002349488.4510789739
3001736198.6428367228
3010034833.8186454671
2945788990.2629676273
2959376082.1834366526
2956198652.3593022819
2984696134.7905322618
2938132504.9055061787
3018684250.8117778823
2962458030.9499658996
2987405726.7141022473
3005410485.0528965786
2974303535.4923898757
3014540986.8286387508
2990190660.6725988910
2943530521.5820668344
2859614817.2249470616
2958926317.5498210366
2999483675.9114670169
2950651687.1925726335
2918462952.6781673022
3013112745.6404316332
2984302782.0786522457
3014752227.0610591681
2948555317.3195586787
2939721899.6900334342
2916728558.3958858182
3035560675.1010836782
2982067950.3364328865
2916374824.6006457789
2982985228.7139707014
2995767354.4073861476
REAL 2967011255.0000000000
