2.931622e+09
2.949766e+09
2.939931e+09
2.954757e+09
2.941589e+09
2.959239e+09
2.961949e+09
2.989402e+09
3.013325e+09
2.947383e+09
2.919337e+09
2.942421e+09
2.980820e+09
3.003662e+09
2.974414e+09
2.943883e+09
2.948775e+09
2.971918e+09
2.989463e+09
2.968565e+09
2.954644e+09
2.951022e+09
2.972602e+09
2.963811e+09
3.019496e+09
2.975971e+09
2.962877e+09
2.945378e+09
2.979068e+09
2.949624e+09
2.988957e+09
2.962973e+09
2.985971e+09
2.984058e+09
3.003970e+09
2.958586e+09
2.957976e+09
2.967178e+09
2.972256e+09
2.980277e+09
2.952236e+09
2.994332e+09
2.945698e+09
2.982665e+09
2.973370e+09
2.977921e+09
3.025217e+09
2.971858e+09
2.946624e+09
2.999479e+09
REAL 2.967011e+09
