2976228930.4743107455
2975172751.2609765190
2975172751.2609765190
2967239432.5991022242
2957992786.0199519559
2957992786.0199519559
2958463442.4604006270
2984082446.5024085613
2984082446.5024085613
2975167508.2938483045
2949165152.9375413617
2949165152.9375413617
2988152265.3925266087
2973845827.1074529763
2973845827.1074529763
2961319828.2565436463
2980828962.7832450247
2980828962.7832450247
2970950244.0180917187
2959981557.3617786083
2959981557.3617786083
2969229103.3531625671
2965367584.9724346937
2965367584.9724346937
2954399771.1988334064
2975999219.0859582417
2975999219.0859582417
2970426994.5442933850
2946605602.0814353772
2946605602.0814353772
2970234008.0687789281
2928002781.0921286456
2928002781.0921286456
2967868160.3964721048
2993310067.4459085842
2993310067.4459085842
2981818308.4464750357
2956627102.2844013032
2956627102.2844013032
2969224409.1906788063
2969072575.9167584756
2969072575.9167584756
2960648627.1805350655
2970949656.5207794900
2970949656.5207794900
2963554519.5189989868
2962906544.7984473328
2962906544.7984473328
2981556975.3012557265
2982740852.4571812109
2982740852.4571812109
2966360734.9283235020
2955128669.1354547765
2955128669.1354547765
2957670077.2764690863
2937079559.5037930284
2937079559.5037930284
2977527195.8159730260
2998514360.4690993114
2998514360.4690993114
2968056808.6993859906
2990182241.1209425009
2990182241.1209425009
2952507854.1122769173
2959117158.9733633422
2959117158.9733633422
2960160094.8100429091
2963484509.5314987185
2963484509.5314987185
2972035574.3886452843
2982896412.4130591266
2982896412.4130591266
2956478368.0374434609
2961204687.2576366521
2961204687.2576366521
2984662285.8280641469
2974301178.8523991031
2974301178.8523991031
2950613027.5193255588
2962088059.5765669465
2962088059.5765669465
2976690549.4298373731
2967656686.0777529711
2967656686.0777529711
2970790662.9276168044
2971967707.9290401957
2971967707.9290401957
2968086291.0204928045
2950557658.5517209785
2950557658.5517209785
2979866492.7594589177
2975204076.9487600450
2975204076.9487600450
2969984293.6733833079
2955548934.1303478735
2955548934.1303478735
2963097366.6098943527
2971543003.6776526403
2971543003.6776526403
2980382392.1923499124
2964112855.0435194643
2964112855.0435194643
2955704467.3052480055
2979497372.2454513591
2979497372.2454513591
2969300055.5357763832
2965448037.8509777489
2965448037.8509777489
2967522734.6598548405
2986906401.2361731520
2986906401.2361731520
2983859199.5293318389
2961706179.9708884300
2961706179.9708884300
2967991360.5361664952
2977073210.9698220885
2977073210.9698220885
2975947343.4655163768
2976193682.3067147073
2976193682.3067147073
2979449412.4615809114
2967500686.7990956421
2967500686.7990956421
2945825203.7020102814
2972044172.7622063386
2972044172.7622063386
2970696867.6494091968
2968723268.3934363080
2968723268.3934363080
2957143013.5659165806
2962352793.1258142677
2962352793.1258142677
2974291689.7606109923
2963092848.4638495927
2963092848.4638495927
2947354825.0013225551
2973494601.8326530114
2973494601.8326530114
2974006144.0234257365
2950895809.9438057679
2950895809.9438057679
2976091486.2424223539
2963264080.4700614752
2963264080.4700614752
2976820011.8550848698
2959725853.6120961634
2959725853.6120961634
2969156125.6448175798
2957636126.9743384470
2957636126.9743384470
REAL 2967011255.0000000000
