2975219449.1158358927
2972760127.8647534994
2990581339.3742851480
2988278219.3923808765
2934343315.9459294707
2944608011.3467224173
2948192065.0700740130
2968853685.8324650163
2983628289.8240286731
2963653579.9888376396
2948752819.6099636334
3004401615.8658508945
2952030707.9873542015
2942960319.9108701895
2973957064.4626190804
2972528018.5678985433
2986829900.6302274913
2985918025.4729204867
2958544569.5169271028
2945092783.0893680979
2925080851.5954292847
3037001778.2688089490
2971856576.6016729071
2986406364.4225842692
2933121476.6252396074
2968316318.0260357370
2952044851.7330889551
2949485795.0086950276
2936922162.2171149517
2947585764.8497019298
2974502141.8982921031
2941278614.1217231774
2961568114.6818842052
2974348276.4325894001
2979788999.9235940569
2952838185.7265871512
3031065796.5076088340
2980298765.2664737955
3012939388.9856554612
2981329249.6172330030
2995552633.1983657018
2977800902.9980242159
2962223962.8999642106
3022966288.0474709217
2993530476.1187723302
2951783224.1861853767
2991370178.0752676306
2979201215.8810206428
2954451287.5975862110
2947263487.6187898379
REAL 2967011255.0000000000
