2994249101.2432709406
2967652604.6983799699
2961572458.3414959065
2970338695.4072209443
2997585717.3248167047
2968991106.3787902095
3005221828.7002749287
2958236640.6811640132
2976088868.9962471898
2929197065.2589618999
2976158761.3221833240
2955191663.5781741973
2977435255.2156615618
2954442072.8969581525
2927735778.5144739326
2935519071.6927313919
2971150303.6278318989
2995226465.2603412601
2957354095.9555589620
2961891405.1168885960
2978688546.1749190802
2942125043.1276810081
2983434564.6033499760
2969544487.8009611624
2961156015.9274049774
2965374666.6251302396
2994453196.6933308225
2964878194.8702506830
2945892725.1203682609
2980759543.7219070557
2968970345.3082721538
2937918747.6427987269
2992968596.5764997038
2983945076.7301097042
2985833685.6359817325
2983793328.8826684526
2924714920.3272189917
2967906770.8649209014
2963174875.2973752378
2991535218.1115062053
2977494510.1384145862
2956304738.1824454672
2940962533.6215127138
2970198318.5121028989
2976390561.9527288713
2966297105.3329136793
2969561592.9402247858
2930684914.9596883950
2966634717.7911659782
3028281290.6794666422
REAL 2967011255.0000000000
