2962308881.5901201556
2967670614.2423510777
2979168208.3704411436
2970724474.9059041131
2965340752.6290131144
2957091604.6252123495
2960519184.1001983010
2960933807.8417345677
2957596742.0995159228
2966870915.6994271334
2957708197.8275997834
2965342136.0758412869
2956865458.4475371295
2971544135.6897261029
2949370044.2027591013
2963174727.7822141887
2950350271.5159847252
2955089121.2547965110
2967890687.5422330326
2974411697.5539853044
2957702715.4213748609
2969895459.1008540008
2959049522.2328285638
2971895876.0561368610
2959163021.9455356917
2966943162.0759498226
2978957074.7258408240
2968303751.1043528968
2950996459.5921981025
2963024509.3163496240
2989363043.1469934294
2987454088.2137276283
2977325303.5104229397
2968209303.4701116332
2972045082.2257273407
2944145255.3873261756
2957603773.0220978302
3004186960.3893436557
2985281599.7630577993
2958959921.1961322746
2974589566.0762157580
2980272884.7794017009
2975341094.5002748107
2959895812.2910845557
2976167794.7145616736
2964927117.5590661569
2987446470.8863556299
2957853444.1511952346
2980907837.8104698549
2968915301.6509710709
REAL 2967011255.0000000000
