2983541683.3858828186
2972148736.6726232176
2968989594.1594734453
2983358018.8294512648
2944359933.3892139387
2941428478.8245270799
2984536046.9964827811
2966620054.8846540910
2988199508.4151516603
2961454554.2548723698
2969046922.7461984516
2951511717.9135712744
2984592888.0484483633
2965735130.5272108077
2999157549.4423926703
3001808749.0408192773
2940389125.6459434007
2987163609.3851507346
2930994360.9610309275
2942239806.0182268089
2962745489.3363794957
2966883348.0917846689
2985396838.9676763599
2975410359.4200881291
2971894249.3609809875
2961327614.4331163703
2938904555.3534788038
2952253540.9930778388
2969356852.3718772517
2989139532.7731238075
2946922011.1251074702
2969565503.2791438489
2952148342.2587866217
2997465213.7292544197
2969712296.7643216643
2989678326.9838556645
2981130485.1933163533
2966212262.8788891216
2972084568.6464144159
2975194309.7483642434
2996735315.9628166168
2942678694.9480877039
2986044371.2803172425
2973249678.0630786684
2959895333.1179309520
2925843963.0402606979
2940000200.4564641353
2972189259.4710380330
2968943064.6823186418
2951055931.5931773235
REAL 2967011255.0000000000
