2984026721.6029376581
2963268569.8896024227
2975111156.7325122070
2967996286.4462070055
2968923112.1589692610
2969789159.3719125192
2960530127.6170387275
2971130797.4798841309
2985296803.5894903487
2979017369.1448208415
2945489799.5719322364
2963135083.2922520125
2972174830.2684537384
2968662465.8944712095
2970077567.4046810498
2965729707.3382904672
2965539010.4752857445
2976452766.2887561370
2953765682.9768324459
2978320578.7358260793
2961437610.9921614681
2973886577.8068384896
2950539540.2210089935
2964571416.9429888201
2964324153.0840768162
2943735842.1600327014
2984003720.7384476606
2956684644.7921004430
2966732964.3077237548
2979129629.7844456772
2976633190.5402621890
2965916915.9577290253
2979517492.8885442796
2982361203.5449175437
2963190970.3349132803
2964816833.1045613124
2950675689.7174788883
2950452192.4633231149
2969832020.8017221566
2977138591.9536076363
2964284279.8272396312
2961987426.6984737318
2967321381.6962608462
2971789541.3127956002
2963392245.9080811683
2979387882.8220835496
2960708705.5967724046
2960014562.2666913471
2971137483.5534594422
2969380088.8857526660
REAL 2967011255.0000000000
