2970609762.8668752608
2963647984.4802841160
2983576692.1835948757
2949544330.6147366711
2932506775.0155800863
2979998994.8347974359
2986102678.7856328792
2978292177.4260200169
2939699181.6978936659
2963570717.1316897804
2971713464.8655549611
2962853219.1447914920
2959891522.7082189987
2976950097.3773798824
2950194457.6253435656
2988447138.4600609082
2971581980.0212272555
2950974829.1886690648
2969494884.9567393891
2944917760.7315361174
2940675728.4269831248
2976044582.8998697221
2975010008.7938218922
2964118528.2757309424
2974658073.7313715871
2956122019.0628165340
2973094461.8415616332
2968722030.0721795885
2967678026.4377749073
2954304597.0897847873
2950987047.9968616595
2996913417.7096476266
2965037202.0630530808
2967737934.8678390759
2964034602.9275158609
2985074861.6180904657
2993545591.2303372913
2998021536.4918256111
2980676210.9973789020
2975590766.6612447968
2966890921.0353360658
2971375518.8196200505
2965903160.0870162128
2968167512.8002747989
2940049015.3360141609
2967761776.5021048742
2952620620.2619163257
2971656924.5709171977
2982644213.7006032765
2967303474.8028615401
REAL 2967011255.0000000000
