2975697528.5724019043
2971488776.6415997511
2964555845.6702243504
2964020756.9190764467
2954393342.1249874593
2962989903.2615442688
2965661728.8537910143
2976816631.8868371786
2973598962.5857288495
2977569577.9367375181
2974235474.6736190387
2962104883.0288607457
2972830536.2417932092
2995995294.2047371995
2958630760.2810639178
2956270653.0680942812
2967379650.5263926201
2960226538.8379320728
2953337362.5183927959
2972455307.8160677925
2963166630.8874657042
2966825874.5995857506
2968472518.5167750402
2962468508.0383447243
2965703662.5379183744
2956568115.6854080989
2958533675.7061191138
2961359588.0682087136
2962509146.6301365190
2966034196.4770991208
2957885885.1197813211
2960112568.6890376564
2956356094.0586607149
2980121244.4950429923
2965023357.9059207956
2976655069.6565304343
2966506683.4254225611
2964880759.8589309454
2969351932.4828414957
2962215179.7771224657
2971609718.4210814205
2955901972.3435783188
2963267077.2896448802
2964870391.4132896599
2955041106.0827467837
2963395284.4390493706
2963008807.4792049308
2967625000.5787031278
2963014245.0850073991
2972130137.4700039406
REAL 2967011255.0000000000
