2987541751.8425050650
2922723841.3097413622
2922723841.3097413622
2924735602.2532831009
2422898058.7171705654
2422898058.7171705654
3096995877.3566897402
2453411696.3641801127
2453411696.3641801127
2942432377.8283319802
3033847188.3916856158
3033847188.3916856158
2917117252.0124618683
3014718407.9818607890
3014718407.9818607890
2920197977.7033681397
2537380681.6636684863
2537380681.6636684863
2910609935.3348315088
2828186117.3260696786
2828186117.3260696786
2955121523.4596635492
2658351839.9218286551
2658351839.9218286551
3027785249.5977406027
2597502905.7372246254
2597502905.7372246254
2957205600.3405327536
2919889370.5998477819
2919889370.5998477819
2989167550.6623225205
3782585031.4062201311
3782585031.4062201311
3061657164.5867601312
3134979883.7323819669
3134979883.7323819669
2932036652.2587059818
2983872524.6436496403
2983872524.6436496403
2918521628.7930259423
2849089261.7884287324
2849089261.7884287324
2905650015.7010290024
2954357537.2328967650
2954357537.2328967650
2925258110.7179254207
2991917526.4574014568
2991917526.4574014568
3038579007.2418450762
2858108748.0781109470
2858108748.0781109470
3014647287.2068870207
2810586696.4938101377
2810586696.4938101377
2997705602.4735591270
2885200134.9126541065
2885200134.9126541065
2944466130.6056884637
2613350360.1709310552
2613350360.1709310552
2942255387.5604190251
3023746092.0620983462
3023746092.0620983462
2937209741.3233228065
2246313484.2757319349
2246313484.2757319349
2971253836.5092148748
2985984661.2065186528
2985984661.2065186528
2898167218.7589461815
3308657229.8881626721
3308657229.8881626721
2976599384.6449184886
2912246034.6835605795
2912246034.6835605795
3063299317.8390269955
3143876851.4028297642
3143876851.4028297642
2918446453.4014939375
3315562771.2359957115
3315562771.2359957115
2975182989.6547311037
3066802373.4317405422
3066802373.4317405422
2991024080.2083229178
2734475926.7560550945
2734475926.7560550945
2862925446.8329859911
3224637299.1845837978
3224637299.1845837978
2962419629.5427570560
2852194290.0286867572
2852194290.0286867572
2931259860.1229232368
2821016638.3489962728
2821016638.3489962728
3008017957.3065167270
2390384503.3338332153
2390384503.3338332153
2968169969.2241229995
2609028125.8819758813
2609028125.8819758813
2978992931.8736149657
3442576698.6023250744
3442576698.6023250744
2963077410.4861712903
2997640699.9945332962
2997640699.9945332962
3059131833.2271786693
2274261602.9300754997
2274261602.9300754997
3071828983.0435932109
2985709441.1325778570
2985709441.1325778570
3029794727.3123091054
2720421150.3477978976
2720421150.3477978976
2933194159.9714292430
3171109561.1963222674
3171109561.1963222674
3010279801.0637171986
2667801428.7785614741
2667801428.7785614741
3175324110.6463225021
2802696292.7554997429
2802696292.7554997429
3017304029.7752776332
3263113017.6421773180
3263113017.6421773180
2950548747.6591063859
3118745174.9873559363
3118745174.9873559363
3116310844.0412633878
3062451916.7438662129
3062451916.7438662129
2961202697.1903938742
3084551352.5942724203
3084551352.5942724203
2925459555.4845878039
3016466072.4083287884
3016466072.4083287884
2851709489.5138727620
3013352514.8837125427
3013352514.8837125427
3021477514.6200331722
3490517536.8341806678
3490517536.8341806678
2937200879.9627134015
2694671892.6472868237
2694671892.6472868237
REAL 2967011255.0000000000
