3034394605.4850054912
2900344029.9296079136
2863058949.9924154936
2924644871.7891027085
2868420233.0015551574
3011615023.1844773926
2997138684.5470876046
2915330082.3839430567
2966732573.9525421471
2895825027.8661891355
2878703517.5427905095
2980610144.2225847745
2950092320.3843089759
2935676494.6529603929
2891088989.8587734986
2905547603.6074683450
2951853152.2528228795
2931113017.3604067729
2949049214.0385016708
3052933953.9295166226
2871538668.2802872076
2944326322.1964071363
3049507559.9253988615
2876491744.6099092127
2899954673.6737198904
2932683095.6227727493
2926355663.1396425932
3004149783.5251632936
3042528486.0006511263
3092308779.7667166141
3008633229.8182587624
2944886457.2585049535
2971557844.6077985594
2804417735.4668262019
3012454377.8121567245
3047885847.6401145810
2942198885.4134703667
2959150451.6723743046
3104199115.2443544231
2953189148.3550529808
3117881170.1697956864
2939765814.5758363537
2998405122.4544141081
2923818692.2921717125
2997282459.0167991859
3015261513.2248370068
3007849848.2466344999
2849616171.8838284314
2957971236.2511047772
2969433238.5688596563
REAL 2967011255.0000000000
