2964806815.0492336398
2956156720.4171205244
2942538282.8512266120
2971374147.9638677295
2981326580.2158717443
2944778253.5732600901
2958866255.5380541279
2973545615.0266888924
2962920093.5500853283
2948115812.3669836177
2981837721.6156031415
2955918832.7556411449
2991566067.3022505823
2963850089.8062683316
2968147826.5651537520
2957832941.2430988774
2933558269.8435476944
2966243307.9467784762
2975724639.0244855259
2989095420.8382195879
2958025395.4021853346
2961672404.6597832108
2933189274.1073094513
2968089167.2994784070
2956088652.2925241643
2967199709.1486848071
2966374658.7517081511
2975382120.6434541256
2952967495.8617428839
2973618613.2812165054
2960049058.7701213288
2956183440.3756328614
2967849107.5967892269
2970700478.4623691209
2966531613.0861734620
2954632901.6631947812
2943150732.9934776358
2987461028.9096904516
2984147704.4949872086
2959967333.2416307849
2969674799.4658645482
2974556214.4519718185
2981041187.1564327308
2973608424.9601149249
2940807424.3076204222
2945931606.1981642353
2983051786.9136715326
2949988337.5742630397
2974795305.7981713079
2990988639.3251050522
REAL 2967011255.0000000000
