2987650400.3718310627
2924059356.2535367643
2936610135.0075126521
2945303430.9323522893
2876862910.3445131883
3016970705.3468763137
2879056313.1188798137
2947196754.5171965421
2954638925.2352645802
3049578917.6732898222
2955472350.7107156438
2851939155.7832692696
3007270839.4454540513
2951326472.4199898764
3129014080.6837290025
2954141169.0338772547
2920551466.2258793542
2887183075.8551085100
3033146176.8073254912
2899046863.8951063156
2940388402.6628216091
2917754964.9337347981
2994741645.4112814744
2963748747.4333669338
2949192445.7130715135
2934771632.6918168596
2980778922.5620744510
2957916922.5843597655
2971506312.7054838941
2924461521.6871953933
2889912826.4441225838
3097737725.4410314031
2947215287.5079032520
2947439111.7684682715
2904948398.2098104837
2853611395.9250790183
3067231379.7887037380
2970738819.8649727812
2900741790.5381218905
2906123296.1605393302
3042024897.0342940912
3041394932.4097753267
3026545666.3029242877
2894511836.8417149589
2958083300.7700184463
2904816387.6074278301
3000048043.5749832245
2966712796.7595470359
2988343724.0249012988
2967581399.1014737189
REAL 2967011255.0000000000
