2.974458e+09
2.958528e+09
2.956566e+09
2.966815e+09
2.971347e+09
2.966229e+09
2.981630e+09
2.965214e+09
2.955588e+09
2.984719e+09
2.976318e+09
2.959502e+09
2.957071e+09
2.974570e+09
2.978184e+09
2.954809e+09
2.965034e+09
2.976167e+09
2.960214e+09
2.956803e+09
2.947570e+09
2.963647e+09
2.975158e+09
2.967736e+09
2.974617e+09
2.963181e+09
2.944352e+09
2.983261e+09
2.963873e+09
2.984623e+09
2.964341e+09
2.968481e+09
2.980152e+09
2.962231e+09
2.969939e+09
2.966553e+09
2.951564e+09
2.963645e+09
2.979686e+09
2.970338e+09
2.973198e+09
2.964132e+09
2.958668e+09
2.953741e+09
2.953443e+09
2.976754e+09
2.963551e+09
2.944618e+09
2.953431e+09
2.948443e+09
REAL 2.967011e+09
