9.868956e+07
100178108.6828561642
95388083.1652695410
97957646.2195017577
95490417.6455420066
96814039.2279467206
99307242.4606514110
98047889.3980486604
98176267.2264549861
97371637.2010309159
98842750.0423844370
96909674.9626756159
97485948.8865526949
96424532.8299403223
97989525.7817941080
97708777.1265360919
98316268.1375197900
100161731.0002838665
98840350.7738622433
97617707.4380150562
98932863.6066912823
98763032.8935965227
99435445.0256021591
98567146.0098977296
98403252.1358718308
97363070.9728488348
97830393.0047210587
95316580.9679989141
97650514.5539102167
96705296.5068446038
99779827.7204564727
97388452.7691075579
98995623.5871132834
99542300.6832837273
97226272.9248013901
98421731.2306563744
97001496.8078153168
99271560.9485008433
96893490.5866066148
97109891.5903841152
98137496.3990865896
98002423.0215199131
97164961.5087923261
96813606.5897296764
97215626.6124569512
97639566.4511281899
96614768.7316857238
98696186.3320370242
97530753.2262593187
97323554.4041248121
97794910.6258216117
96858125.4959677520
98692376.8976360990
97530637.3518284038
96692075.1256510287
99509376.9386083819
99055548.1042729624
98055895.9723287747
98781718.0030901229
98339874.9347208995
96948797.3837754235
100720417.5981693560
100152485.4028947890
96381482.7268951688
98886584.2164177201
95772652.2469885874
97478901.2126512775
97463253.7571347594
96774489.1235628088
97676543.2633233285
97641700.9581765245
97733977.8753001792
95155044.7237912431
96487488.7560354084
98258388.1865048118
98331795.5570913180
97740753.3315151759
98466415.1057846911
98555061.4718239488
98202917.0140868949
98895464.7903238692
97597765.7612642446
97777475.6152178765
97358971.9988047490
98367340.5973727200
98978920.5423233498
97808807.0699843931
96150313.0975470876
98822180.8306550318
97751225.4564851946
97112282.4960514900
97956964.1142480818
97732721.8297038935
97487168.1512384953
98492442.8469595768
98214744.0317749849
98254010.7977133465
95435044.8529984599
97966294.8152095724
97084264.6613649716
REAL 97787536.0000000000
