9.544097e+07
99434138.3218036130
95777336.3192131753
95090898.2504934658
97059531.6831042087
100092577.3170225005
98264839.7966064790
96082203.7007283926
97022678.2839463978
97184488.9751757088
101789399.5475488927
96625104.9108502354
98250270.3683406102
97960269.5377274222
98479893.8331854714
99881628.9228809016
101387247.5267094256
96593245.0486619110
96282986.7547149246
97497800.2943908066
97284599.5550707509
98467721.5901988032
94961095.6002014944
96287899.3981970316
95656992.8311505937
97662320.8757798628
95427616.4150953188
96468834.4922186741
98347680.6247941761
97008336.0849332173
98453832.8235109864
98750865.3843571399
97280774.6530435424
95004026.0038502305
98181684.4268119442
99874879.6615641011
95651121.6085932030
99124659.6728124443
96648381.6452074133
99133561.5411838757
96979029.0662497673
99075329.3728008279
97956855.6611516798
99168051.4485111700
97043099.7027752175
94895462.0579700876
97120132.4572682885
100068784.0470248075
100355959.0537055262
94871337.1459429657
96779308.1664728912
100043926.0413073566
96493994.5008004442
98028686.8026803131
92580910.1696099143
100955836.8015630309
95172626.6524528724
96171169.2747033798
96692263.0410439088
99192244.2049649364
98718016.5431198276
97384932.0396506746
100965410.3312367273
97463456.8105257329
94708425.4422998457
97172001.5453374521
97756790.6774874389
98126233.5868202575
98031809.5421194011
97830661.5683854925
100545503.5850412732
98749844.0092742138
97351428.6280936256
94650649.2216217707
99944398.3944604542
95998666.8012646785
98239742.6465324211
96519626.3979872376
96639539.7761265503
98325409.9332819252
98060288.6405338838
98522070.6207484878
95155712.2885512401
92728548.5398890379
97462862.5658800272
98600169.3483614526
99200063.7874785868
98300590.6977646569
97887521.9961517943
95893331.6918476408
97994609.0122453433
100116749.7088158136
99041647.3374579090
95860015.9165202164
96103432.3962682608
98840276.0237446482
97841931.1937328479
98018657.5862991240
96627099.5750449330
95648741.2044044319
REAL 97787536.0000000000
