317.5787194051
-73.2850897037
-55.0949009530
259.3835974622
86.2582878724
174.5364658794
530.1739195973
304.1280862473
116.4262345155
217.0572053207
-177.2337618827
-345.6114339844
34.4743318672
457.1574285182
-52.8656598986
-75.2181825898
-268.8597294940
40.8100378727
-129.1575336870
34.3899527121
-347.6979395417
-192.1318473842
12.0153981344
-277.5149312834
-344.9317290698
-254.8278529706
87.3682892839
132.1086100982
387.7067708106
-99.7913480546
221.5324770135
-88.8923157077
-173.2721266532
-73.5900860266
-143.5781219398
-106.5528061592
-215.2960518023
-219.1965832671
15.9694489252
248.2026139201
-209.3159064879
-14.7277731529
42.5667197244
51.1635356365
65.5795945079
501.7807859338
234.1566139370
215.0871826129
-139.8439076112
122.8652003330
81.0275507855
-9.3133424749
172.0415203764
-119.2536327155
-10.9748349992
-211.5633709975
279.0489188888
30.9928665025
821.9369320161
159.9878680026
26.8731819239
-100.5761592189
92.2223907366
-278.2294203512
-79.0351097021
31.8944374125
131.0502330733
159.3298553181
379.4529939649
286.2401169022
113.4813924768
41.6013462501
377.2120620268
138.4075906846
13.9742352362
441.8325573343
324.8734831937
228.0214731510
-94.7402826832
124.0637332081
-268.5316398279
135.9133326945
-222.6420728880
-86.3029566350
76.5685611781
-198.1360122435
-40.0205357379
205.5113965549
-306.0981055419
140.3810925355
64.1560055089
415.4564594931
-146.2900435481
-117.6600151672
507.1071869980
307.0834708310
73.0087425997
-219.6217486054
-65.5732741957
-13.7469757421
-77.0187210378
113.6466852422
-108.4852765550
-30.5058549239
217.1402194587
-68.9342813594
-18.1261228340
-108.5429381122
-62.9775924718
70.3256135710
16.0633164876
326.8616602877
284.8795051536
-64.8866729337
140.4425857190
202.2734802714
168.4713937562
-61.3110185707
367.6095954040
416.7945130556
-104.6386904075
96.1130487676
-126.9817834464
-198.8985540027
-285.1445580152
-31.9259499501
81.5676393066
-78.6223600064
-192.0498904870
-20.3697826678
197.4282599464
-117.2546920139
-170.9247281362
262.6273343845
282.6878382390
48.3819053631
-61.0828182268
96.0993471505
-130.4978599944
-309.4024154912
262.8000113045
195.9157816788
-260.8269897235
-349.8426356496
-232.3390970032
-57.3396309990
146.9022903165
-107.1240078858
-0.2946353470
-50.0315784454
-419.7674351007
-1.2406530036
-271.8048550060
76.5251358824
-193.3492600163
82.0691939824
269.7038817668
56.2822648949
-81.8573274679
-188.0554366377
-18.8274587630
279.1024821255
-264.6661693999
-278.4123382447
-354.7985159924
-207.0482825398
-56.8334570471
42.3260243419
-74.2767624786
133.4348270115
51.4295743732
-75.5841169014
-12.5976089111
-232.3519163983
-75.2013835096
-98.4871726846
231.0450382089
-266.2905091190
-170.7397992468
213.3827169891
-46.0796233563
-184.6310885574
-34.4375785409
38.3043207530
-390.0014297279
29.1789509015
-128.6152016593
-272.7751940432
300.6010518210
178.8904794883
148.5909740340
73.4461662204
-36.2268782420
632.9278718252
410.6103010264
-232.5661738545
-73.7810746791
2.2966011632
-166.9968407629
25.2948977183
REAL 12.0000000000
