5.1806309798
9.8999653189
137.9472930880
-117.9472673354
-50.2634289741
85.6942987590
-27.3232076698
-27.0239521748
181.2897356529
97.9547321183
100.7746111083
-44.8190637274
56.7393558469
-25.8225299179
-36.6237553610
-27.3835863877
189.5447899099
22.5502290646
14.3922276564
-57.8934371038
48.8404153320
-73.9871185822
-5.4686759753
-22.3534829508
-12.4519250200
30.4681958336
62.9107937302
27.3436632696
-31.1843414011
72.6867961334
57.3299226858
-108.9544609713
238.9654160251
85.6274650204
12.3953843484
23.2143693066
211.5896691043
17.8435820953
-22.6386534495
60.9384411320
-20.6137545110
176.2120842340
-174.5840390871
52.1944873382
-155.8983133660
59.7983242824
-99.8209854888
33.5171671674
104.5368105997
48.7919593338
98.7010032788
12.4894379068
83.7791287616
-110.7498308243
-211.5909565545
-129.6449664894
6.3784954329
24.4219556165
-107.1279512517
-25.5957239383
34.2522129906
-36.9701968065
160.2305236941
-93.4684205236
-56.1273741368
-108.0499755769
100.9349585879
168.7883022544
167.3322022147
-65.2112054623
31.7615709672
-184.0653559319
-96.6852336400
88.6995594508
85.2964929720
-28.4385010656
210.0295576091
59.0353638669
63.4523539003
-21.8676143983
92.4277508218
-6.3632147442
171.9518440532
49.9943375614
-118.6354900665
-50.6051578636
251.2861523156
-102.6790973939
177.5864494861
84.7884513733
54.0316606150
-96.7850611981
105.6572803388
-61.0835252729
-87.1394523222
-46.3350929425
37.1496592365
6.5692342908
-3.1963644511
71.8101382569
-123.9858876704
55.9951181137
35.2061329525
-6.6936573006
-59.0294767797
208.3091208336
-2.6466277886
-44.1865921621
-72.4203896588
-1.9549027119
125.3215456927
-25.7190739376
-60.4135494374
30.7861365077
-54.1007471771
146.6595776473
9.0408313147
110.6923377687
-109.2356830364
81.2341842507
53.1032890103
-73.7561682474
-68.5224461585
-21.5973874516
-85.0499757616
-171.1558041674
63.8817588161
112.4939971999
-152.1366396717
9.9182467582
-47.4194112564
106.7422539104
-154.4269880149
3.6377283520
-60.5957602454
35.8749997988
-85.4412655633
119.7612540417
-110.0067087018
48.5598589772
-11.6946708214
-151.9880514744
-30.0639633854
-29.2150334050
40.8874069657
186.8177905379
118.4524044455
-25.7462234790
2.6837204672
52.5283262504
-83.8348037800
-52.5476479661
-43.9718279575
89.9432670767
74.9270559865
14.7531316844
39.3286874798
-145.0651059672
90.2142036381
-57.9397670015
-45.1855269227
-132.4292622473
106.3258366306
127.6005312716
96.7269388788
117.2768440417
-82.5967171628
-17.0421816481
183.4868477019
104.3486259750
-81.4145816316
39.1692758765
-28.8430926339
45.3360317329
106.9124723941
-12.6099583460
33.7098459366
58.6652610925
25.1543642226
367.7059523991
-54.3445731811
372.6733683969
126.2805803628
-126.9057768523
130.0815986679
15.3959147460
81.9784135943
131.4723841593
24.4185435613
72.3506243672
226.0997852698
-95.3405061473
250.2548070818
4.1032760175
-9.9870404506
-74.1693999611
335.8504320785
-1.6131875729
-6.1704668872
-129.7130844347
REAL 12.0000000000
