1085.3088138631
-241.6579263430
11.3259176776
268.6485074141
618.8422608243
294.2533483419
264.8734403509
1141.7794819720
-654.6453793544
-75.6594647860
1188.7355708049
84.3607995079
-714.9926372461
-683.1945820803
299.1959777013
743.5560213769
397.6541992378
-118.1114738363
-374.2072601612
-488.9620849241
112.4101228771
-269.8334340769
-422.9251598227
-336.9917643664
-313.7967271193
377.9998072177
-541.1878264294
-728.1955376578
-211.8172016198
-38.4441747318
300.8777248332
-56.5145725593
-343.2404871843
713.5080663589
177.2568620855
353.2764616795
208.3313268361
-386.1734992238
-10.1332546949
156.7268030019
77.8169861588
-184.5317850389
711.0707561373
-134.9737163087
430.3991870433
291.7182477809
27.6878587208
-674.1326330943
389.4267976067
-192.6700241098
438.3838477731
627.2164701509
228.2179421600
-335.9473876541
-318.9074197757
1797.6338348593
803.0769392421
368.3567288921
-275.2203905178
44.2500456674
356.9951106249
107.5412504036
-51.5121857742
713.0118412839
-326.0531794978
635.5904173996
-133.5153367859
138.4981745301
-601.0957373149
-316.8728195272
-415.5432419806
-328.2498657120
560.1544341902
1163.5475053817
-149.2869731574
840.3151746593
97.0182262689
-125.4168962296
-185.4722585218
408.6535333323
-231.5839393323
160.4238810250
-654.7442484711
740.5801135730
117.0564212918
28.0717924329
95.4313278941
480.6416847797
-16.6991685186
-546.0625724153
118.2290554844
-221.6858096813
-94.4299645037
24.1500215335
-433.7358980297
-136.3537419659
-924.6991451301
-464.9193476962
-572.0686033230
-57.7159476692
176.9497688175
-40.1619490532
704.2006375145
-752.2534037183
-540.7196220447
-204.9844537463
697.3317127926
-264.1459529699
403.4379588138
435.9370137350
-537.1801437347
-138.7717502349
103.5691063472
418.5979288023
155.9076459843
1073.1651046121
35.6831091104
826.1004078351
55.7191281317
327.6663866785
625.0697348836
-583.5050492274
-27.4848490759
340.6370592248
143.4360856224
145.8237923716
-98.0080624415
-278.6643686932
975.7981413234
-790.5020159031
-171.1560357620
871.3586406190
613.7695979332
-194.8449238932
1567.9979857827
290.9851536756
268.1705286959
-140.3773004570
-645.6624127613
-157.9577818821
342.0702464213
958.0609996698
460.8812169965
-9.5733116441
-425.8894103737
1028.0823071519
92.0108885611
-1049.1871793190
-138.1883627462
-282.1440164629
676.6027794366
488.2904427675
75.5293032304
662.7057672698
-21.8621291591
554.7422113177
23.8313524974
-245.4493532673
-483.4221208215
463.9848765698
-374.2021481632
196.4607832321
-17.7539218256
-173.7731731857
-554.2407100056
-318.4792054983
-386.3199553998
595.8202217758
793.5249704712
-939.2330321880
-725.0300737291
279.2544917799
-12.7943903436
-108.9779971222
366.9380935530
44.9135048415
-690.0029440407
-409.1938422839
-482.4674460801
407.6947813821
-18.5443020538
-365.2463191904
-76.9398930210
-8.1134262036
1666.5689681265
803.0269138234
249.7271167616
336.0800640001
137.5086952711
-445.2068746230
-695.5406724283
-16.7724652115
756.4704792597
-541.8956565820
135.3146249115
148.0583147006
539.3198435035
-224.5672606376
891.6546504369
405.1859270375
REAL 12.0000000000
