4192.5333409214
11093.2306257392
-6589.8049166251
8637.8014356455
1464.0636280247
-25151.2841202983
-19417.3135241933
2231.7197738511
-37426.7035481677
32811.4756269284
-2039.5264846708
4031.4692042319
-9160.2624182462
11460.8220730500
-4477.7331896779
-16596.5968176937
-19439.9269363687
34842.4858178771
-15956.7366830244
-14380.9328371000
20939.9214968751
9459.0846443659
-20938.1662563942
23229.1489440268
-21966.1599939963
24592.0994257543
7271.4314241643
-3064.2793523981
18801.0180958125
30130.3580839309
-1544.8084400468
-16252.6310988965
-25754.5664145638
3113.2562737732
-33048.6395808111
24519.3676333827
5572.5140226816
-19169.1212069486
-13132.5009258888
-8007.5726445312
-8630.1692132087
-26746.7930631296
-14298.8178495978
28362.0450707803
14668.8674410232
-28191.1844312154
29302.3473410272
25561.3707553503
-20370.4628964390
-7258.7859663648
-4632.3487582230
86783.6736908214
-21585.3401884117
-7463.3809336900
-5463.7400642918
-9087.4365586065
2176.6088244852
-19005.9414670447
-18974.8369689224
-1801.0436484698
-22102.7079165045
-7083.4456286456
-433.2698534878
18615.2112751705
-11715.2238435146
2584.0008845049
-14437.7955760361
777.6149827656
22955.9835459797
-24201.2892047965
15140.2699238127
5106.9051854952
11257.9039710571
-1832.4500095943
15355.8917216508
-12841.4196706513
-17223.7566860978
635.2567913450
-21097.5210180978
3216.8182625086
6055.8264140584
-5678.8472174854
-22681.2572011972
-16471.9114264974
-4580.3614137899
-8372.4328511283
-14744.2162507256
14651.8638730635
371.5185927099
13832.4514731708
-790.2369703877
27643.8750396015
2652.0261832561
1125.0172162008
52009.2317760319
13130.0284815037
7906.0449881463
-18502.6270144164
-36877.0972364184
-357.6837064685
16991.1795737781
11964.5308150685
-29201.6601753359
-26045.0567113623
17316.7477229983
3732.5421871110
-32885.5539185127
-438.9552539930
-23740.4565088603
-399.2404359904
31965.1898912053
-32600.2410716551
-421.9439567697
2711.5827140131
18712.2730895687
11889.9125375589
-34166.9043776887
14738.3062745614
-1015.4824573170
-1915.1799503999
-13576.3361721072
3872.8686759898
5622.1894896750
-9446.5743292079
6282.2279419205
-2710.4549928073
9685.1739950208
9117.2750787147
38496.2119506371
36244.9659685042
17236.8657036124
7753.7529741536
-17973.7774428346
-15317.4037143643
-15190.0592073976
-2636.3581320845
52769.6871175494
4071.3139574995
-31500.1749076584
27784.0703162555
-26375.2064479081
1951.8989912556
-678.8461077178
-6669.1216143060
-15277.6456702822
-992.8353092670
-2475.3730778205
-7899.5910240295
3174.2271673958
3672.4756947559
13099.4323047516
5262.6798600439
27941.2408961645
-3679.5697247025
-27125.9868340868
2693.5394073434
12833.7774228529
14092.3755716578
-22133.1131599896
-26175.0002875004
11294.4381875055
-14485.4404560692
20095.7871151813
12361.1485534122
16894.6521929607
2374.1198918590
8277.2222629985
-16273.5143691709
22969.2269381815
-30127.9469507823
14925.0921030423
8013.1645292692
-11749.3971058203
37606.1017560042
-6892.3352472027
26891.3630335591
-28223.4838634119
-5076.8750473458
5060.0940737455
5595.4487913940
2449.5071814745
-1204.4685521675
-28613.2010088376
-19931.4289661919
25445.5983144815
-15696.3852345981
-3719.0574492605
-2846.9581753383
-27240.7081023410
-10682.6341199115
-18244.7795637867
-12436.7605987381
-3603.7501575566
-15564.8822391297
40919.3314544405
37892.2294820413
-17758.7601102487
-4140.1244980091
8858.0537986458
-17944.8763488888
REAL 12.0000000000
