-10.2822210738
211.0315458987
-589.6131030213
-222.9354827307
-107.2596093464
-156.1055387870
495.0990118529
505.0839967162
-269.3778020091
364.0365960062
-351.4485686508
315.2437606493
-40.5570878492
248.5608148057
-139.3619171855
7.1526606242
-863.1678252271
-17.6131861198
152.5359183500
-81.3058386475
-660.5198380059
121.7570090306
-73.9432128502
29.5828053967
-313.1463890754
547.4270086971
-200.6222326336
-32.7598058561
-65.7543550256
343.7183633456
-263.5554148886
-180.2713506921
-313.8642915097
-58.2732141813
-125.3370893259
-232.3666930684
430.9651865799
316.9998364008
393.3472485905
159.5135082694
254.6871779308
203.0647054933
479.3893024235
190.5132977364
-292.2985380349
-321.2239641333
1135.3118738201
55.9897651096
-73.5141367379
-54.8381745137
265.2186132811
-76.9307435378
-22.2727068666
-96.2730400013
-21.2439124918
117.2323531678
328.9673309306
31.2162638900
-3.7946120361
234.8273738760
4.8493255559
-151.8772553165
-130.6970698692
294.1709148058
-240.2442402539
-369.0470728456
-27.8080971076
171.7454857685
169.1145894110
-8.6080713876
695.3762598847
-177.2256023406
-160.7724405095
540.8282867162
1030.2742732630
-461.8646704153
-72.7904051338
-212.1749581410
-128.5061827045
-14.8860486416
1.0033449291
-230.1715450943
109.6272205682
7.7907811799
-219.3700304107
377.9471263448
-27.0361306716
-233.3920613084
-116.8084333731
223.1278345543
-164.4970612381
30.4881890979
-59.6684156790
236.5779705339
-231.2483105073
-305.1854604073
-220.2490321482
489.8637506127
-368.8927461702
-248.8884781293
-194.6131746818
-337.2679049703
20.7517151482
619.1972128575
298.8449779991
-227.7416985064
123.5396479667
381.1159193084
90.0763773243
126.9073600891
134.9149576991
-215.7715859651
-125.1817262959
-74.5034152135
144.3893812369
57.4759076747
-254.7373254041
-78.3920829396
-287.3107232303
-119.2512566566
142.4980240932
724.6528764884
-107.6027480564
443.2170508583
178.4207558096
-38.3695719906
-213.6396562072
-260.9919711995
-253.4352792864
385.3611539659
-475.2481341965
366.0247210100
111.9900052734
377.3759929329
-298.7627449825
-393.9089229059
-33.2944497025
-3.5578331525
-201.9919849710
-122.5316740444
508.2934166606
-96.6499365314
-311.2829463415
-75.4236616221
510.1157482659
541.8258075665
-239.3543233494
-299.9711081108
195.1371136660
-117.9958189744
-214.0996683089
-165.2227401984
388.5723244300
-164.3177630937
104.0549528593
-152.6178171533
-142.5381405981
-567.2681663101
45.0372128762
70.0532249112
291.3932191941
-268.0754749297
-395.4611049668
514.4701301141
-248.9640363974
-114.0667654638
-378.2813526549
-101.0278630294
-64.7558840819
250.7481688419
-515.7513577571
-163.2085655366
50.5916538451
-306.9128880533
179.5807400347
-382.2361830247
-176.1175794319
-246.1910484672
-403.8909978884
-339.8998436453
-476.9981716311
767.5285898169
-341.0678876965
-107.1426425478
251.9802219076
775.1981765659
-110.7852791057
478.4732615915
-300.5401357243
-449.4458474374
-94.4502575795
-306.9695102530
-183.1449036035
620.9655136048
-245.1894353367
-3.8966548413
147.0162404601
608.9051195939
224.0312094582
36.0226373124
REAL 12.0000000000
