-73.1486336683
945.6520808592
-1632.3417146138
-2782.7349290003
-535.1031788315
-1568.8650249606
-2050.0780362790
-1701.9550568702
-357.0531133331
-536.7283542184
-886.4343974295
2229.6874407424
-671.7659203846
-175.1480257027
-2510.2367500185
-2029.2879651649
-2225.4632226208
-1183.2878324266
-1690.9117201783
1032.5313378468
-853.0383266615
2455.6087032224
-1292.4794607445
1646.1072328759
-2313.5379392796
-1356.7820957782
645.5477767130
354.5290345567
2660.4873931673
-801.8500516256
-1542.9088491671
-215.9008731886
-559.5273221730
-469.5234452941
-1364.5899482260
559.8176797784
-3595.8791601025
4953.5533983400
-727.8472791658
2371.4200053999
-1337.7518494542
2548.2769040899
-422.1187818639
177.7219434683
58.0850846245
-1099.4183410806
1909.4143666666
-447.6660167282
1738.5116383693
-1434.0824913494
442.2672502972
682.5623065168
179.3355227954
830.7210739299
2128.0217170288
-1905.8650316757
1034.4043705648
-119.9555642556
200.0206171786
771.0166113086
1865.0093798539
455.9986404427
-2191.1759357057
5317.2630228726
2560.9985982856
2559.8824598552
-3373.2604686327
1370.4292795681
-1409.2624192656
303.0303811275
9670.6666643462
-175.4694913722
-1323.1362646579
1368.4427018793
446.8540279062
831.6075971004
-1444.4278019097
-3348.2835150599
1298.8210399319
3319.9725693615
676.9096058980
4643.9914639825
-13.7960178613
4300.0721288111
2810.2801576987
-971.6782211388
561.1477214736
1307.6501391746
-619.4218770947
3142.0769270788
-232.2986832726
-1949.9097255066
-547.0558029817
-2397.2729348555
-4311.7304629845
3555.9328700548
-1002.1629975841
809.3412620182
-693.5381733357
402.5928550298
-1300.1368842593
1010.8697756085
860.4320310972
-2174.0958007339
-1237.6352975176
-647.5298108859
-2749.1133011900
32.4511181886
264.2267573529
-504.6056418428
1395.4103479339
-976.7046139136
-1449.4921585687
859.4997975161
734.0239501493
593.9922273390
-193.7269241742
-1942.3936130508
5695.7505405532
-2937.9704072861
513.7961497674
-674.7119054781
-518.9468729729
-347.9359251219
644.1588501100
-4.0033096494
-211.0641983652
1758.3118286735
2329.8357929033
257.1312001407
906.2500180694
-2142.7905381187
-836.7050579104
800.8987531598
-1472.0459453521
1774.3472598534
2166.3905791116
2371.3410709863
-2111.6145591676
201.5052964638
-1570.5877827020
1565.5764357616
1023.2035265096
1511.1713196198
122.6393669894
-399.0995175400
3471.5208091578
3938.0312763027
-93.2991730671
122.1305074100
-568.8516605620
484.7746238779
644.2545593709
882.9451422965
4639.6317856441
1529.1884797924
-980.5897251504
-816.5195969380
988.3017625754
1591.5942201659
3858.2643678105
3580.5135233024
-1669.1206628979
2257.0286668324
-4069.7172491733
1716.4774487997
1562.9329410799
-162.8654646500
-355.8816368846
715.8800828063
334.8890769064
-154.2110322170
1586.5678303549
391.2051873586
-337.1697425725
-2664.2365178338
3336.1607600921
-206.1449112606
-204.7798265133
-1855.3418280694
2811.6754393966
-1623.0200436412
213.7742704552
4095.2347887204
275.1048774616
-1990.4584598093
8242.0058993738
565.6287697920
947.9128139769
563.8088091854
949.5219069940
2620.7226620083
-2210.1941710376
704.6863848685
1771.1089484514
-440.7816873833
2860.2887414904
2230.9387459642
843.3286008192
-736.2007082901
REAL 12.0000000000
