-35640.0347490114
-30321.3411637385
190770.5107688707
19311.2831318877
48460.2980524218
-50.7623439646
17351.6219258051
36317.4771262529
26922.6027487139
-6462.8184053287
56915.4565508565
65458.6996571349
4104.6205859574
148902.7415243017
-15296.0490283440
70734.2741572292
36055.7418613040
-77280.5447290609
60418.0872340192
-28225.5240981394
-3507.1709905525
-12306.1423269162
-6815.9900684214
-44668.0788365894
-75786.2760955926
-9729.7868011935
-49075.2047448509
-74845.2716876889
-24133.5673140555
79925.3020728378
-14255.2191319783
-36036.6630258169
-26741.4809877751
-11124.3312007189
7581.3549475443
-27967.5202390957
5492.2847212697
-45164.0131904640
-22340.4154556334
-46530.0840294327
13602.9708089482
-7351.0239265687
19043.3472975793
-71372.5986550219
-46119.4070989569
-25.2272925878
-6844.7985652706
-84997.3423751212
-6209.0133275975
-11021.3326593510
-13421.9396398409
-29951.9490455151
-24270.8880815842
-52641.7625350179
-3238.0114649498
10572.8777782812
-14919.1526783701
-3395.8378283609
29954.4031962573
32865.6045265806
-9361.3679047564
-3514.4708844316
-20154.9039941200
77549.6891333238
-6102.9255648608
-68826.0778565721
-15678.3534271848
63715.7817231225
-19903.2463850980
-56297.6039162260
-8082.3325770427
13846.5921196099
17270.7024588576
-26411.5826133980
30100.2120724220
-69313.4953747240
-58399.0855495435
85564.6938001177
-43073.5034439681
4781.3555744551
-21331.2280060927
-71239.8124489991
45839.4242373138
-37463.1058942614
-11016.0778021639
27250.5553707788
-382.3758485067
43233.5159806682
38614.2951514208
68100.8202521006
-45290.8599427360
13162.4726898183
-72133.8505445850
-67414.1627792708
-1415.5759897789
37644.0809935085
-42286.8480694261
-22956.2636856865
-42600.6245114953
-25561.0528091487
-50275.3354991336
-25860.1492134275
-54051.2327027547
-28760.2679454868
-22259.9688136698
-21527.4952827002
14861.8670165960
83081.3666159072
-31332.7273095938
213199.8409191941
104035.7464306704
-13779.2576161932
-97295.6442553886
25156.5244574531
-30760.6948233477
17508.9963788441
-40228.2059616658
-61133.6226664018
-6599.1811377744
-114374.8587826759
-1701.4514949439
-31115.8060339340
98571.7147179935
-85019.8293540260
-32142.8015759202
-56589.5163827530
-22860.5225103732
66038.7969463820
16224.2284721739
-36904.3181732328
10604.3955018029
7222.3004487660
139195.6155299663
-55524.8011237969
-73518.1828861049
43434.0861158017
-22819.4796899835
-3902.3278183965
23145.8392212824
83512.3339158245
-20543.3571046667
-74579.2946890161
82660.8189621258
49799.2608498115
47869.0926653368
-12459.1239142604
-54688.0043748644
-28974.7563110418
-11579.1466691771
23301.2665777502
75002.0612381176
15182.8526917509
-126376.5543455662
-34444.3769869146
19872.6003076236
9481.2403065342
-60416.2631287225
-67430.6946671461
-13955.3339247104
7895.6039730152
56974.8112106497
-9190.0181629118
53002.9299885677
12736.1988669378
-14196.2139892207
36913.1952328467
-19260.4504342936
-86392.2429939681
-11824.1105752042
-28862.1699973493
22068.6928528218
49367.6515820060
11005.3359478185
-14231.9959188560
41922.0457165473
119544.5041015845
-87373.0089210246
-13747.9980898450
1680.4925788093
-87698.1419212749
44243.2029302623
-24429.5708398410
-43428.2822535691
-71502.6451726536
-12909.0782180038
40637.6084720140
-34817.6122551890
-93030.9009767863
83194.1807193022
47123.3051089532
38007.8063359499
-43262.2847623290
55068.9309678453
43241.9492092664
-67386.3748139297
3973.0084454823
43340.1024230408
32663.0041506263
42163.1693129059
34076.4175247039
REAL 12.0000000000
