208.4937247710
-8575.8792368727
505.2729100907
-8166.2799063960
-431.8620530478
2690.3920460701
-4056.0786789723
-1771.2462455761
-2577.7705730050
1850.5529819447
-1455.9996084332
1533.2249347726
-10442.7666725385
1257.2250613037
-2670.0284817759
19695.7248608418
-7249.6077576761
2392.2718912917
4337.5894902976
-7656.4585110568
-584.7386622096
-3438.4871105367
-1872.8103091395
-3685.7586014053
-447.0235348217
4301.4944265449
9945.9233505431
3482.6146495645
238.7711678074
-3496.5575238565
1853.3277080173
-3097.0541686761
6587.1338293047
-2816.9928215788
3019.3744910004
4108.6600934778
849.0533553148
-1293.1461189994
-6553.6294955730
2798.5117355964
-6528.3537192893
2700.5300088273
-10006.2550901274
-7362.5646357459
2087.2913550075
2119.1937664591
-215.0119040752
-3727.2483930613
-3094.0833951392
7533.4114031142
182.3790015951
-4565.4000088874
2030.5282405321
-991.6714870146
5182.8635504390
1493.8930088772
-5540.1821852239
2918.0471936072
3841.8330351617
-9287.6459834405
-689.0824597477
-1348.8063212637
4048.7487529448
1371.5911271686
708.5030482015
419.5588471981
-2798.5989633357
-552.8144767763
4875.8941413234
-1235.0448747788
-4937.5834147501
-5258.7269322413
-87.6321536539
486.5163384053
-4213.7708949083
15052.1179662385
251.5847161339
2723.2369650421
7562.8331466586
-11151.4081203719
-7333.4772085424
-797.9595320713
-3690.8522147990
7558.0474875142
-1996.9341816473
1021.6455340611
-2385.2045575764
2323.6501086324
-61.3160091709
-5897.0335470121
-5951.4699793028
-3787.9108261566
178.1374061976
12477.0024147947
-3428.5599300679
2877.2339238802
-6306.6250133399
2071.9912551833
10432.4313074476
-3283.1721609815
4705.8748702259
5952.4208933465
-2562.9383162595
5926.6053422935
-3799.1082197128
1407.0112038150
1949.1740479258
6428.6829580926
-3996.8712021209
-8436.9142096758
3263.3292117002
1105.1706748614
2987.0474490441
3013.0436331221
-30.2926666371
2593.7021739836
-7509.2658658886
-566.8991942234
-1589.9058927553
4667.0121587464
4358.1621335168
-560.1630747297
429.6154989068
3178.1619846782
-4375.4156281228
4161.2455416817
5791.2720140062
-7113.9003568815
-1077.4255490659
7680.5457891849
6906.3764268888
-1710.5663740215
3809.7897901375
-2979.2074529901
-2049.2429005060
-4176.2561978482
4162.8126504467
-1330.4219647506
2335.0300967818
-554.5360724355
1358.5739829573
2950.8761479657
-7971.8446895338
-8920.6891813119
-5360.8260350463
-6835.0553040981
-6749.9346728344
-1858.4230087803
-6257.5024926356
415.8515062552
1628.0354587958
4810.1627136252
713.3535687325
-7303.7760348769
5242.3534572049
4633.8507472489
-2232.3807201279
-1650.2687249260
14884.2406235606
-3135.3983555151
-686.1372453100
-4792.9751285225
-4521.0093902688
-1043.8480251562
-4543.1756808509
-5420.4865075018
6012.3870917589
-16026.9211962814
2206.5686543579
2775.3758359586
-660.9785226159
-4199.2933343601
-214.9747488304
-3767.5552541834
9307.3229339035
-428.5778970476
4372.0983473481
-229.0380934591
-2441.1830710394
1288.3061439278
1773.4647257871
-167.4508326054
-2560.6488066596
9560.6124626956
-159.4338266670
3778.0318165438
486.6681623909
2003.7254371114
-5982.1183732472
-9311.2759897504
-7773.2627593644
229.9146675116
-5012.5240050306
-93.0631579937
8373.7917994594
-2217.0905376634
-5516.8187164392
1616.7948179685
-6492.3546660673
4285.0501931154
REAL 12.0000000000
