-81.1931034898
486.0895599078
-1608.1701883869
-93.5066110177
-1896.0810853542
-171.1384346017
1435.8100499913
-165.0534550527
-537.3592779323
-2812.1741919732
-3066.6933285468
400.0921929175
1642.7871502804
-794.9554603441
-1075.1804640884
-188.0939950815
-547.1347680869
87.2215359532
534.3012238922
-1773.4605382226
877.9606156218
-2754.6987465098
-223.6838358917
545.9846884268
4034.3524406063
1321.4881899026
258.1178585384
427.5354355270
1229.6277145331
150.2940147290
4668.9124942176
1388.7258942931
-771.7734284117
808.4151081022
2066.1892550728
-122.6002704765
731.6720003689
-1648.8786185969
-1345.6999446769
-367.9754204604
70.2248343405
-238.5070035169
-3129.0512887017
4874.4585809652
-541.1137810193
-847.1835746734
-925.7751508760
2478.5463250349
-2451.8665701213
31.9108508881
-2288.4000215156
-1383.7540905386
-554.6934261330
-738.8983057309
-586.1537926732
-145.1205403628
-4060.2365220815
1260.5718574718
1885.3202773900
328.2516766939
-1952.1745851397
-489.6097916797
228.0062186463
721.3739608839
2240.2371321736
-2137.1200653018
583.4939056504
447.1049202718
-1574.2762937409
2459.3083833610
-10.5030166024
1558.8134810340
-2727.3768201813
-398.2174900418
884.5581083179
1541.1066531202
61.5244954321
-189.4097143535
1857.7598440953
411.5661598369
-815.1766192196
-1065.7799093837
-212.7538547452
-1306.6418253779
-1242.1370148925
1074.2249596466
-1096.5397263568
759.4454050949
-254.9284873324
-1820.3452000527
844.3828020919
1324.8693404396
-588.7589376356
-1260.9123154605
328.0751369367
-119.5462250291
941.5605225414
362.1252963834
1687.6104864461
66.0630923741
-1383.9001832708
-1889.7318227915
-2201.7478363426
-1126.7595449398
-1989.1168521357
-2219.8272519984
1270.2491449986
89.5918389698
2356.3276406117
185.7632167012
-2525.2865036087
-1562.6877762093
-3369.7005366432
2313.0560421869
1125.2993692705
2066.8958084506
1243.9124623005
130.4487481985
380.7913785319
160.2213861347
931.7258613093
-2483.9776414848
514.5132315245
2649.0061370247
-910.5913644789
31.3902172103
2252.4567109679
96.7605854143
-949.5296256127
-801.5015248992
-704.3296549016
1595.1428519376
-1242.6523992913
-2752.4134281007
939.9001437973
1225.4424045823
746.5355905453
-755.1284373503
969.0659283247
1516.8667419195
1565.2599581035
2410.0350743393
858.3495509826
-1058.0086150309
-3043.1276396303
496.3494507505
338.7405609439
843.6474362912
-4217.6767388003
2398.3738787982
858.1526246885
80.6126261403
-3360.5564954541
-131.6713208829
-250.2877807733
2160.7094129485
3963.7150243959
-1003.1277009126
1585.6874302750
-1722.7470317928
-1745.2973627228
-817.1002431327
1627.1470778046
887.1668191345
170.7629452566
-380.0473161675
-1941.5064106931
-1724.3002976408
-3275.3882603919
671.2794597941
868.6081152297
-11.4204859828
-1464.4911905715
604.9548983238
2567.6026548173
1291.5335755791
1580.4556483781
-1496.6999747398
-2683.6577492432
317.4615801961
1217.7694179234
-483.5989181291
-1553.0990666648
313.9574617643
-543.4167461480
1087.8910915762
-2723.9328183680
-170.5402288442
-2533.6673109849
-1574.6800028791
241.6232429361
-1270.6468363080
-210.4589446700
245.8231814830
-3283.8596385108
-1332.7831709867
1541.2710882763
1378.1229197253
-989.9312024815
1339.6106437000
REAL 12.0000000000
