-79.4999390427
-160.6422737768
298.9278223332
40.7762449337
-198.6599825525
231.7949220028
433.0234694566
-1228.6882844293
288.1922740157
-144.7410868667
-645.3351728336
525.0821277963
127.8682273631
429.9455882424
229.2781952556
-687.8332768532
-400.8037683764
480.9149395410
979.5586393472
-338.0628086986
13.9659920856
-121.4987521752
-346.8219915733
-189.0963841421
-726.0302485662
-747.5786781288
94.0146506799
-185.6060613594
799.9664874935
-1299.1584935377
273.9356154423
-17.6642035102
-1063.5305063565
710.6662046339
993.5086905270
399.8857374150
719.4126199991
-468.5998890169
-37.2899796753
-245.4393658940
-287.9293521311
-270.6628684825
-161.3284855683
-456.8817287722
-5.2016648998
-359.5859887454
-6.3275166018
-466.6660304601
43.2055523928
-1167.9302243607
-1014.3111397788
-206.5372909875
648.4513919481
524.6126485670
-734.9292395777
-910.4053223757
-194.0032744911
-658.3458405943
306.8408660461
1079.4747999362
309.5925637910
1264.9049680161
-885.8425745179
-846.1482407855
1761.5208883401
170.6562232162
197.9393982802
104.2503924602
-1459.9643409340
68.4890028379
-575.8429576854
279.7628347796
174.7508245089
283.1992980796
-428.4626578943
-160.2843522012
-18.7952542632
107.2949100812
42.6878795799
28.2848192907
77.9319295573
-682.9910470874
-211.7192005470
1752.4566805281
604.8965180146
470.1261358076
-954.5424579152
779.2060683637
859.0688801182
-123.6773150730
-1122.1345520544
690.8767306153
338.1804629188
-158.5767570685
138.0073146922
-593.7066747501
716.1442673057
370.4847568120
256.6641597291
-330.8194107814
352.4895942645
-943.9586675482
-798.3945703234
-16.5358616740
-1031.8548427943
-133.5596486122
111.7923643337
-332.4735906003
1011.3181936267
1338.9498994836
120.6010892780
-46.6203888620
32.1362283393
-452.1592305448
-48.6056696320
418.3674210774
56.5213021847
-1499.0002044465
92.0239784917
-696.1161665218
317.0083468996
-329.9579424829
903.3039250762
-313.4748338496
225.2698693926
-582.8673607920
312.0744161101
1491.8733777844
-164.6038180024
-532.8401607603
-184.7015504217
229.3616126920
-411.9601492459
438.8814589080
-1256.3508607782
792.4297780769
-261.5301456210
-415.8434309014
-810.9632290687
-542.5797256711
298.0824996589
-3.9704129271
295.8887364679
-273.4178047676
-213.1061922614
228.2150556233
-8.8573135869
-188.7437635513
-753.8747214360
460.3890107192
718.3971996267
-440.1524077577
-143.9553070977
-355.0180829654
82.1298161039
-835.2456826109
201.8326582923
-1193.3082869279
-342.2011970929
45.0431874907
-285.8491842201
-670.1472721699
56.9745346354
1212.5636912980
-67.1216270797
42.9904513059
486.2457770939
-188.0764959034
506.0149923359
1128.7739248872
-944.0908197723
-735.4323839875
831.2500382880
-366.3004700555
-64.2974874232
313.9944059295
-331.5789893843
1015.9561537578
-462.4745013143
-777.6290172744
102.5406380283
-189.4397116866
-250.5543419357
301.9448466162
-91.9351764586
155.9115865445
-40.5143762500
-670.2230862212
-1200.4687855891
234.7284743764
1112.3863090159
-219.2838475154
258.3974667218
16.6234764283
-50.5279051846
-184.9716233670
204.0329417605
308.3475271527
507.6425337396
229.1154900326
REAL 12.0000000000
