-8.305556e+02
327.2674465681
-2432.0447789963
2341.0836440204
-933.9294480709
4102.8787830708
1265.0859552983
-3690.9947720808
3835.4824654432
372.8904270047
1904.4122089173
-4226.0934021131
8763.6101850606
3202.9518109985
3718.1081869023
2400.2413053122
2972.7772043975
-3632.8522803448
-6628.2250081548
4754.1934076496
3305.2374411963
-2603.8890490791
-3980.1080114386
400.3276456697
-1190.4730505983
148.8217719462
1458.8900973573
2211.4078497666
1065.8427271989
4295.4413212314
-854.2591480568
87.1000161418
-2104.5189175450
-3.3708459552
-1164.0237454521
-3726.2681484998
499.8478602629
7106.8418848154
-2143.1246846763
-2469.1533682563
4219.2472876110
-275.3122701620
-3909.2933953228
-892.9714201112
-5672.6338969015
355.1864707220
-2253.3063940655
4263.9836726392
2911.8073956828
-2276.0299227146
6364.5402666946
-5852.5448142678
528.1719501073
-3039.8143217018
-3187.2524130647
2878.5625038571
3749.7088580867
-3801.1340354559
-1747.8122967177
3962.4537290549
2449.5030060669
633.6933771688
6182.8981008213
-2039.7144199279
-533.8911376136
-5733.3551093172
-1011.6468913494
-311.6058983877
-608.8226007931
-107.9065496090
-912.2327169804
-2735.2340607249
-2262.0396621641
3394.8339184251
-1275.9986166327
4896.9816650171
4938.8261121785
6667.6313339083
-51.8963587353
1573.4722539379
-647.6479876598
-835.2464793720
-1944.5819156847
5173.7159957809
1687.3465915357
3002.2920971231
-4619.3108265039
-1317.8155276747
911.1013151996
3077.7287326879
4058.1526252220
-3792.2815677883
-1601.9888616973
-367.2662170502
-1793.9395887271
1051.9889284205
1094.8646320216
-1312.1740444590
-1635.6024874474
-670.6671883984
-1914.2474396367
-2018.8705472965
1931.8921725811
-1196.2654616378
3553.0187594075
264.3052044639
717.6719948204
-1335.3028328352
-2887.4737815442
2153.9015496136
-1106.0602689689
3937.2267813996
3571.4305694741
-1934.5861738287
5386.2127219395
464.2380113960
-492.1208324645
660.4439646168
-7606.6479737394
7055.7625935915
447.4933506402
1107.1020956992
-4701.9770110440
3166.5505209328
-2761.8759064761
1848.3943674602
-1145.2047030772
2225.5229571427
6498.4930499300
13067.2111791460
2386.0784218434
-2892.3144810066
2156.8913717978
4110.3801827539
-5806.6696565799
4374.2886850672
5043.5836700815
285.4980117491
-3635.5218345327
1344.9757463541
404.2795512108
-957.9327460456
1917.6092301994
-1309.7966975400
342.0360080555
-2772.3437005208
3259.6003946953
-398.4341111291
461.3952030092
206.9037681788
-3539.7613843501
-1758.0734516782
3966.9501454119
7465.9628108503
-3068.9822450502
5293.7712428038
3925.8887413558
3012.9350469753
1881.0298069492
-786.9100862126
-4932.8228572071
6135.1423412083
-2725.1187723600
5372.8950436028
1280.9246238468
-6101.9476138054
663.7460499430
636.1864591952
-2813.9286072388
1626.7677838415
-3370.8678448309
644.9763274223
-6956.8340273165
-2458.2047929680
-1197.1123619033
343.6547751284
-6148.1037322625
1760.8839195085
-1797.0821669982
-984.6728168353
-597.5783938883
-523.6556390625
-3336.1919764424
2816.7477325654
-1507.7678410493
4047.4868171745
5163.9717506970
-756.4490878237
-406.5356430369
-2523.0638349558
8093.9328140455
-1487.8347906527
3802.4456923179
1084.0092263099
1485.7186796021
-1365.0665738796
1748.0791514442
7352.4995160319
196.1386196093
-3288.5710629722
REAL 12.0000000000
