1.310164e+02
-506.8470043194
-49.6873749284
-154.9101902151
379.0495270688
-458.2524508722
-107.6447453368
-179.3153385359
-734.6316304543
-602.9731009425
630.5653106557
714.3367528986
-433.3126623545
-958.7645620836
422.0313436760
239.6215345487
668.2858538095
-431.9921827608
-139.2947673928
-314.1190838185
724.1076472856
-465.4929248446
70.0460380999
-1268.9662915915
357.9748781381
17.5208271316
438.0538595455
973.8381805873
-265.1393186497
-56.7842424770
365.3063055039
68.1110152748
590.3944125225
-186.3580621890
727.9558346488
-704.0802993356
-640.7845005516
711.7486954512
-180.1745073904
45.3568582654
-463.6747079241
294.0153497093
521.4667172619
-133.9199826705
-535.1666774426
942.7089464087
224.5202255102
1239.2281982280
456.4074244438
1236.1055354630
-32.6091632335
-40.2795825704
610.8809073097
501.4199225151
950.5384592601
-178.6740232391
-423.0252711620
234.7439198579
-372.5818614346
384.4847826039
143.1127271761
406.2167088622
1019.4036260144
-19.1143685966
-28.4294444389
-511.7243277067
256.5090400296
602.7377137603
-155.3410878646
-306.7321281729
774.0282338705
-78.9081060168
401.1177399755
-845.0366946006
246.6644308486
45.8327310176
-270.2724220200
410.4034486985
-189.8511081958
-904.0024626075
392.9598907469
405.5973131795
644.2901631924
-6.0792774997
-406.5318128067
-903.9578060500
-93.1993863450
928.3740335124
-210.0676765762
-94.7080566981
-776.2895614272
-159.5024557562
-229.4935364274
120.2682806134
-1149.7214148150
-162.9541501798
-422.9200011513
1117.8554940314
-352.1491751385
165.0422260658
-659.9432131248
269.5504937779
-265.8878325969
-89.8173338144
487.1712174944
26.0173065842
-58.6191820979
16.0711835743
-1053.6413995708
261.7257312636
315.1693503193
898.5551273346
417.0104267401
168.6721987429
-213.7837230776
751.0611500203
-307.9383492209
-311.9671268204
740.0490371766
-321.4966816895
64.3991444338
554.5881498604
258.9735933333
221.7864323952
317.2379530506
600.2762519065
2249.8225852672
332.2402044009
529.3919474820
50.4655059041
-612.5335353296
-50.4534857684
897.0296257392
-648.0348587165
363.5794417858
-380.6341707736
1109.5237252038
1316.8836482501
580.2306870325
291.1834183314
-47.7238277965
-346.7757664068
65.0466076577
796.8575946698
-598.8403375585
544.8393385972
847.2719202852
-533.4447995334
-832.5614671467
444.6635321360
-122.7401355916
-395.5874731252
-445.0270260720
527.6339458819
271.1759182139
244.5876065726
-163.8959895223
160.5944147590
-749.9191243026
-307.7924400829
-395.7626846276
268.9931199365
15.1110736189
-68.1241843463
-343.1037965451
595.4181759948
36.1343081511
332.4372716838
206.5512056935
-800.7664830735
344.8755381917
-400.9502659212
-38.5689659637
-200.2886833672
-80.6443018165
-502.5229045476
316.7852375892
-215.8913677568
500.1879152330
484.1937690431
-889.0975792678
-750.9363293106
794.9271903946
492.6246271401
-424.6985761040
518.7483432520
-150.4485077331
648.2593201969
-471.2232117150
-824.6604148262
-265.1034376161
-44.1687980062
-155.0876361712
486.5830589927
-1010.9307179859
77.2166629749
161.9685697042
1313.7904683270
-232.2471438337
316.5690898109
REAL 12.0000000000
