-1.561433e+02
168.4786017523
358.2130659169
-241.5168746150
74.6281958982
140.5755819724
7.1699352426
92.7762046824
106.6980964290
-312.7769741602
-40.1895418404
-67.0354085477
-117.0470672706
274.9552506235
182.9786183918
-122.2605187292
-141.0996244750
-48.9968431572
183.3027792385
21.7379064888
-115.6925492512
290.7901976959
-254.1677747929
-220.7661726638
38.2592628937
-72.0598618115
-98.3315736957
297.9268126492
35.9045559492
163.0927060181
64.8558682554
131.8260446776
211.7778007554
-220.3100078489
334.4630401402
265.3645859454
-108.5256175849
-261.3551590890
25.6110348853
-228.9849663652
201.9523250519
127.9719582807
-94.3536212323
60.7109011473
172.3853888983
-66.1654100847
207.8368228997
-122.6739800794
-4.0815745140
66.7410678773
-212.1101135380
-139.2771155927
-131.3883732236
-22.9314283835
166.2092453235
59.7126341552
-178.0225529569
101.2833089917
-220.7781648541
-311.0006976493
-72.7939108963
-223.1037971637
-34.1600026576
264.7723829183
-236.3249469455
89.0342312132
198.0855230943
113.9398142950
170.1126789180
14.4765781060
-179.6647161738
127.3436492973
46.2296570328
-14.3532897133
-75.3349762002
167.5746081042
82.8614756897
12.9737920718
-17.5499146644
180.6354435917
-415.1115486703
-7.9318725215
-114.8682201755
233.3574045103
180.3231116602
75.2746179442
-307.1144227214
-122.9626636718
227.6653720383
-122.5152471496
-151.1736043810
-96.8423769091
-86.4265475190
-18.8478925694
-114.1986256895
63.6670012050
-153.4750680125
99.4997886628
107.3464233896
-176.0123448738
147.0200451610
64.3402599278
-235.9695951832
22.4000549634
-268.7283490953
186.5455319440
-133.1644607455
-163.5703817061
-66.8418103644
238.2191974834
-266.5064266894
40.2671224722
-62.2295283774
-1.8996064228
-236.7171297665
-45.8395997944
-73.9981337828
98.5168515558
-66.0216376719
106.2878489858
394.8474671732
269.9377342768
-239.7538261799
16.7907431598
52.9553604551
96.6282699805
-107.1041387587
-70.5447919397
212.3397129134
64.1505153965
-163.6319581962
154.3346188797
-227.0362343445
-19.7409384654
547.1424309043
-245.1923247062
-193.6725072303
122.0826662389
0.8649227617
-44.0952092328
429.9962544843
-384.6138698862
-65.3739295945
-172.2297046301
-54.7056719168
-85.3448029762
-196.6300385303
26.6392771070
28.2165635640
-25.8995653739
23.3369255544
-300.1996211427
-109.2522161352
266.9751495574
187.0698670730
8.5528887552
20.5777436538
174.5320695356
19.2675417785
-5.5282617890
-134.2675227455
16.9697433176
55.6151855368
31.1022625283
85.6805322967
316.6181660847
-172.9452342273
166.8580001901
23.7376843968
-220.6547556027
-179.4718800062
52.0711569955
-157.3897453614
147.0231426264
-257.9489164031
90.1328663288
205.0882103430
-160.2946727401
200.8294334677
229.3960510441
-71.8643120195
313.8100742029
106.2489984992
93.7984131895
59.0580149211
-304.2765084903
37.3319008505
80.0561451354
-103.5129363362
237.6153754100
-113.6006304791
-134.4275311522
-73.4500183618
144.7752800040
69.1960597265
7.1045329516
-13.0166187204
63.5438546248
245.5535513822
20.9133906970
REAL 12.0000000000
