-4.505205e+02
1.490555e+03
4.068650e+01
-1.005219e+03
7.115132e+02
1.606961e+02
-7.740759e+02
-5.898253e+01
5.885018e+01
-2.367529e+01
9.345211e+02
-2.800112e+02
-2.261155e+02
-8.009678e+02
-4.286832e+02
-3.768924e+02
-5.281566e+02
-5.262608e+02
-7.900007e+01
-1.229745e+03
-5.283522e+02
-6.246056e+02
5.700823e+01
4.804401e+02
-5.319897e+02
-3.695648e+02
-1.003954e+02
7.815626e+02
3.021368e+02
-7.783186e+02
-7.491775e+02
3.596340e+01
2.545459e+02
3.820419e+02
4.645692e+02
-1.023317e+02
5.573198e+02
-7.266397e+01
5.767982e+02
7.843853e+01
1.187622e+02
-7.997634e+02
2.969330e+02
-1.341709e+02
1.961829e+02
-7.402495e+01
-6.601153e+02
-2.097606e+02
2.328489e+01
-6.390108e+01
-9.214402e+02
4.787279e+02
1.643430e+02
1.085598e+03
-1.180879e+01
1.783693e+02
2.865081e+02
6.854046e+02
-1.727827e+01
-2.669335e+01
-7.865701e+02
2.924976e+02
5.801323e+02
-1.050671e+03
1.824006e+02
1.551929e+02
7.448599e+01
-1.884306e+02
-7.364161e+02
1.208077e+00
-3.250663e+02
6.247637e+02
-1.161266e+03
2.936391e+02
-1.100816e+03
-1.459529e+02
-5.843684e+02
4.016146e+02
9.918420e+01
-8.765431e+02
1.217911e+01
1.239233e+03
3.446408e+02
1.165999e+03
-1.306097e+02
-1.466420e+03
3.459375e+02
9.611126e+02
-8.952654e+01
7.246383e+01
1.480542e+03
7.499156e+02
1.554928e+03
-2.472977e+02
1.399819e+02
-5.291977e+02
-9.490969e+01
3.516519e+02
5.910550e+02
-1.040044e+03
1.205345e+03
-3.678900e+02
-2.660907e+02
1.605474e+02
3.241587e+02
-6.021741e+02
8.701692e+01
2.702937e+02
-2.129759e+02
8.313623e+01
-2.062374e+02
-4.138049e+02
-4.205944e+02
-7.817510e+02
1.517200e+02
-9.616766e+01
1.218269e+02
-6.959975e+02
-2.516340e+02
-3.411658e+02
-6.360902e+02
1.820772e+01
-5.579886e+02
3.567235e+02
-1.572564e+02
-2.732620e+02
-5.272109e+02
-1.361090e+03
-4.855413e+02
2.816835e+01
4.439170e+01
-2.752491e+02
3.846690e+02
-1.624563e+02
-7.132775e+02
-6.248092e+02
-1.218385e+02
-1.601282e+02
-9.338579e+01
-2.194952e+02
-5.171763e+02
1.003698e+03
4.724677e+02
-4.807133e+02
-7.073515e+01
4.185170e+02
-2.753789e+01
-5.414348e+01
-1.481171e+02
-4.985151e+02
-4.495394e+02
-5.755198e+02
1.713102e+02
-7.692587e+02
2.773911e+02
3.000207e+02
1.073342e+02
4.237087e+02
-2.313111e+01
-6.884110e+02
2.966340e+02
5.702088e+02
8.776832e+02
-3.099203e+02
-5.713704e+01
-6.282691e+02
-4.054280e+02
2.540195e+02
8.563447e+01
1.546923e+02
-6.626553e+02
-1.522113e+02
5.626568e+02
-6.819787e+01
-5.399659e+01
5.420588e+02
-1.668069e+01
3.045927e+02
1.332818e+03
-5.260268e+01
-1.557584e+02
-2.645163e+02
-6.086923e+02
-2.470546e+02
-1.827880e+02
-6.155041e+02
6.763319e+02
-1.248685e+02
3.780691e+02
-6.722528e+02
6.165861e+02
-1.944839e+02
1.185279e+02
3.347167e+02
-5.264080e+02
-1.061951e+03
-2.632915e+02
7.632018e+02
-1.746462e+02
4.550045e+02
REAL 1.200000e+01
