3.674329e+04
1.038530e+05
9.990534e+03
-2.948215e+04
-2.735206e+04
-3.518775e+04
7.037905e+04
4.453058e+04
8.902876e+04
-3.577002e+03
-3.273309e+04
8.326871e+03
-2.639673e+04
-3.887192e+04
-8.609294e+04
-8.655059e+04
8.204573e+04
-3.337413e+04
-6.624832e+03
8.093974e+03
3.470678e+04
2.934744e+03
8.037853e+04
-1.616744e+04
4.498312e+04
7.200301e+04
-2.153141e+04
-2.122495e+04
1.254483e+05
4.827604e+04
-5.352844e+04
4.981150e+04
-5.874124e+04
5.012115e+04
3.955036e+04
1.306858e+04
-6.094238e+04
1.449766e+05
3.101634e+04
7.849403e+03
1.557372e+04
-6.428520e+04
-7.887301e+03
-6.899588e+04
-1.162597e+04
8.382052e+04
-1.540825e+04
7.330584e+04
-8.411375e+04
-1.070816e+05
3.260892e+04
-1.518127e+04
3.677882e+04
-4.188714e+04
-2.625824e+04
7.303010e+03
-5.037459e+04
-2.710127e+04
-5.022391e+04
1.148024e+05
-2.930866e+04
3.380182e+04
-8.471389e+04
5.885340e+04
-7.192708e+04
1.503726e+04
4.225787e+04
1.832869e+04
-1.425416e+05
-7.374981e+04
-7.069893e+04
-4.794259e+04
-5.853726e+04
7.742224e+04
6.882335e+04
-7.382799e+04
1.108929e+05
-6.885483e+04
-5.868417e+04
-4.978794e+03
3.000293e+04
-1.051171e+05
-6.349326e+03
8.692666e+04
-4.698204e+04
2.234938e+04
-1.014462e+04
1.749333e+05
-2.913625e+03
-9.713969e+04
-5.354255e+04
-8.896384e+04
-5.045408e+04
-2.290940e+04
-3.623576e+04
-5.124233e+04
-4.485898e+02
-5.285874e+04
-4.734026e+03
4.600224e+04
-4.833387e+04
2.550971e+04
-3.966486e+04
-7.043898e+03
-6.290386e+04
-2.051291e+04
-9.703542e+04
-1.703688e+04
7.482129e+04
7.929348e+04
-3.951185e+04
3.708172e+04
1.846028e+04
-2.523306e+04
-1.172502e+04
6.522783e+04
3.245477e+04
1.234911e+04
-3.375567e+04
1.121911e+04
-1.233794e+05
3.827706e+04
-8.483547e+04
3.705891e+04
-1.163545e+04
-8.203441e+04
-9.968308e+03
6.120188e+04
-8.480852e+04
-2.014780e+04
6.396440e+04
-4.075594e+04
2.668824e+04
5.397645e+04
5.686993e+04
-3.509985e+04
4.229472e+04
7.549411e+04
9.016226e+03
-1.735726e+04
8.729926e+04
-1.839735e+03
8.032767e+03
1.090704e+02
-1.080934e+03
-2.708756e+04
6.880902e+04
6.255333e+04
3.624929e+04
-2.430649e+04
-1.869461e+04
2.075457e+04
-5.069210e+04
-8.429368e+03
1.837268e+04
7.630964e+04
-5.628403e+04
-6.451474e+04
-3.876252e+04
3.503676e+04
-1.576521e+04
-2.696158e+04
7.041693e+04
-1.386822e+04
-6.499790e+04
-3.441887e+04
-8.360401e+03
-2.966152e+03
-6.916780e+04
6.536110e+04
5.916941e+04
-2.397004e+03
-4.361629e+04
-2.696217e+04
4.123535e+04
-4.796739e+04
-4.434314e+04
-1.564665e+04
9.904316e+04
-1.236312e+03
-2.203315e+03
-1.556106e+04
-3.727335e+02
4.405684e+04
2.919650e+04
-3.097984e+04
-8.652877e+04
7.686165e+04
-3.538901e+04
8.162376e+04
7.057620e+04
5.233496e+04
1.288758e+04
1.019131e+04
-7.031137e+04
-1.253268e+04
-2.717241e+04
7.811987e+04
-9.235567e+04
-1.533307e+04
REAL 1.200000e+01
