1.578652e+02
1.572219e+02
4.449697e+01
6.281928e+01
9.499330e+00
-7.491974e+01
3.610351e+01
4.376504e+01
4.020683e+01
1.372804e+01
5.011418e+01
7.997129e+01
2.542210e+01
4.173732e+01
5.710240e+01
-1.378954e+00
-3.558603e+01
-8.979755e+01
2.046527e+01
9.534112e+01
7.426447e+01
3.588589e+00
1.541077e+01
-1.545732e+02
-6.305239e+01
-4.695095e+01
-2.260822e+01
2.262966e+01
-3.464633e+01
2.019739e+02
5.528718e+01
-8.507053e+01
-5.979342e+00
-6.636155e+01
-1.309906e+02
-5.229079e+01
-4.921124e+00
-1.297900e+02
4.927053e+01
-8.838563e+01
-4.027879e+01
-1.653468e+01
-2.901027e+01
4.895905e+01
-2.590042e+01
9.796197e+01
5.932992e+01
-4.288242e+01
-1.663336e+01
1.164592e+02
-4.976786e+01
1.022761e+02
1.225255e+02
9.102161e+00
-4.068360e+01
-2.120106e+01
-3.121880e+01
4.581099e+01
6.711460e+01
7.821568e+01
1.059856e+02
-1.210326e+02
-1.213836e+02
-5.693546e+01
-1.166521e+01
9.603611e+01
9.028448e+01
-4.767329e+01
4.412074e+01
-2.410396e+00
2.447311e+01
-2.258810e+02
-2.138249e+01
-1.261631e+01
-5.369775e+01
-4.042448e+01
-4.860985e+01
-8.600296e+01
-4.128631e+01
8.020185e+01
-8.688410e+01
4.370086e+01
-6.863341e+01
-1.149792e+01
-2.280214e+01
-3.370899e+00
-1.303658e+02
1.217221e+02
6.103431e+01
7.809724e+01
8.511693e+01
5.781068e+01
-1.286841e+02
-1.138576e+02
-1.121892e+01
-3.288886e+01
-2.731092e+00
1.661000e+02
3.947644e+01
1.419901e+01
-2.169633e+01
9.526935e+01
-1.821470e+01
6.208376e+01
9.062095e+01
-7.044050e+01
5.280449e+01
2.703322e+01
-2.013490e+01
6.059478e+01
5.617751e+01
2.860696e+01
-7.802072e+01
8.991504e+01
-3.299677e+01
-2.375942e+01
-3.233310e+01
8.112140e+01
4.689408e+01
8.696492e+01
1.731652e+01
-1.087481e+02
1.998068e+01
8.220805e+01
-1.696908e+01
-9.867771e-01
6.940662e+01
-4.904436e+01
3.867285e+01
-6.979142e+01
2.366192e+01
4.068022e+01
8.367606e+01
-4.088673e+01
1.023449e+02
5.005424e+01
3.873854e+00
-2.095459e+01
-7.270978e+00
-7.693020e+01
1.962768e+01
4.058877e+01
-5.032883e+01
4.713040e+00
3.902454e+01
5.664589e+01
1.465784e+02
7.151564e+01
4.936708e+01
-3.526254e+01
-1.946706e+01
-7.009402e+00
2.945585e+01
-4.722360e+01
5.031489e+01
-5.143903e+01
3.692903e+00
3.016525e+01
-1.246027e+02
-9.251319e+01
4.225104e+01
5.066735e+01
-1.254073e+01
-9.862303e+01
4.097856e+01
-8.089289e+01
-2.998638e+01
1.822434e+01
-6.401615e+01
-1.198150e+02
3.051167e+01
7.075393e+01
3.969731e+01
-3.934879e+00
-2.377168e+01
7.950065e+01
1.269105e+01
1.026685e+02
-6.459576e+01
1.197268e+02
-3.220717e+01
-2.817272e+01
-2.735914e+01
9.120443e+01
-3.797318e+01
-6.449766e+01
1.157373e+02
5.003093e+01
-6.192856e+00
-1.973163e-01
3.578243e+01
-1.194864e+02
-4.822716e+01
3.639933e+01
1.014687e+01
-1.445778e+01
-4.581184e+01
-3.069130e+00
-5.458070e+01
1.021310e+02
REAL 1.200000e+01
