1.257261e+02
4.677045e+01
-5.940988e+01
9.356030e+01
-7.534386e+01
2.788412e+02
-2.220553e+02
-3.838356e+02
1.736933e+02
-3.030686e+01
-2.249375e+00
-4.248037e+01
5.980323e+01
8.625610e+00
9.314355e+01
-5.141928e+00
-4.128857e+01
-1.265352e+02
1.047148e+02
4.237511e+01
1.954323e+02
2.462562e+02
3.785658e+02
-7.447007e+01
2.599137e+02
3.650235e+02
-1.684103e+02
-1.449908e+02
-3.363331e+01
1.968083e+02
-1.180990e+02
1.885460e+02
1.395371e+02
3.770633e+02
1.160001e+02
-6.367263e+01
1.443189e+02
1.120316e+02
7.068345e+01
3.398410e+02
-5.166358e+01
-7.749220e+01
1.256323e+02
-2.534429e+02
1.282844e+02
-1.732358e+02
8.899365e+01
1.724776e+02
-7.830544e+01
-1.067532e+01
-2.889344e+02
5.360245e+02
-2.100649e+01
-2.554678e+02
-2.971311e+01
2.815114e+01
-7.144509e+01
4.266650e+01
2.507039e+02
9.881874e+00
2.077574e+02
8.838148e+01
6.390667e+01
2.212686e+02
1.645134e+02
-7.121415e+01
9.666055e+01
1.299808e+02
-1.988188e+02
-2.926178e+02
-1.147520e+02
-5.651110e+00
9.928493e+01
2.536079e+01
-1.046371e+02
3.214503e+02
-1.189489e+02
-7.346541e+01
9.546412e+01
-2.958949e+02
-2.414901e+02
5.617325e+01
1.491358e+02
-7.137070e+01
2.096558e+02
4.410219e+02
-7.604320e+01
-2.852403e+02
-1.390284e+02
-3.894897e+01
-3.153907e+01
-2.842298e+01
-3.912831e+01
1.037428e+02
-1.718783e+01
-1.995639e+02
-1.107106e+02
-1.976448e+02
1.539146e+02
-1.807904e+02
1.419217e+02
-1.140892e+02
-2.448124e+02
3.556689e+01
1.342450e+02
1.152710e+00
1.605619e+01
2.183199e+02
-1.208102e+02
2.215455e+02
1.850773e+02
2.418378e+02
2.571014e+02
2.378576e+02
1.180161e+02
-1.835587e+02
3.404447e+01
1.771208e+02
5.788599e+02
2.708648e+02
-2.472156e+01
4.399858e+01
-1.069077e+02
3.673040e+02
-4.275154e+02
2.407897e+02
-1.103638e+02
1.813875e+02
-1.685829e+02
1.129655e+02
2.990797e+01
-2.290802e+02
-8.696668e+01
-2.006826e+01
-3.615712e+01
1.317904e+02
-4.590956e+01
7.214340e+01
3.434225e+01
-1.165334e+02
4.132461e+02
-3.568335e+01
-8.616374e+01
-3.336588e+02
-6.938060e+01
-5.630002e+01
-1.865444e+02
9.710556e+01
-1.799248e+02
3.103135e+02
2.504326e+01
9.657456e+01
-9.767734e+01
6.073558e+01
2.654585e+01
2.028393e+02
-7.367912e+01
-1.631289e+00
6.570078e+01
5.840322e+02
-4.022963e+01
-2.162474e+01
2.682431e+02
1.310607e+02
3.138537e+02
1.842786e+01
1.958546e+02
7.014489e+01
1.310249e+02
2.631957e+02
8.282164e+01
1.330583e+02
2.341420e+02
2.258426e+02
3.256651e+02
-2.289320e+01
1.023862e+02
-5.863388e+01
-1.557936e+02
7.557987e+01
-7.364983e+01
-9.230158e+01
-1.156524e+01
-1.885334e+02
8.498320e+01
-8.319494e+01
-8.911329e+01
8.035182e+01
1.200632e+02
-1.656077e+02
1.038644e+02
3.655247e+02
1.497480e+01
-1.727253e+02
-4.364980e+01
-1.691448e+01
3.136832e+02
2.837233e+02
4.613796e+01
-1.110536e+02
REAL 1.200000e+01
