1.440762e+03
5.055180e+02
1.517541e+03
-2.059984e+03
4.658729e+03
4.820894e+03
1.042885e+03
-9.913581e+02
3.826728e+03
-5.790869e+03
2.205064e+03
-3.231376e+03
2.297739e+03
-4.146487e+03
3.992406e+03
-2.437263e+03
4.017812e+03
2.688978e+03
-4.615243e+02
-4.342329e+03
3.916649e+03
4.720174e+03
-9.476221e+02
-6.906114e+03
-2.995793e+03
-3.554181e+03
-6.962619e+02
-8.220356e+03
-1.668754e+03
-1.536581e+03
7.767169e+02
6.087098e+03
-2.383250e+03
-2.052908e+03
4.308829e+03
1.288110e+03
1.015747e+04
-4.111420e+03
-6.097083e+03
1.897825e+03
3.951853e+02
-5.343814e+03
2.382532e+03
-4.378787e+03
-5.674202e+03
-9.698521e+02
-8.846401e+02
-4.817166e+03
-2.740424e+03
-2.411140e+02
2.234889e+03
-1.045810e+03
3.517741e+03
6.194755e+03
7.459742e+03
2.060142e+03
4.194976e+02
4.826532e+02
4.675701e+03
1.007201e+03
4.875294e+03
3.009376e+03
-4.191078e+03
3.620203e+03
-1.179913e+02
4.317064e+03
-9.023268e+02
5.298230e+03
-2.428884e+02
-8.644353e+02
1.967329e+03
1.951183e+03
2.239946e+03
2.648304e+03
-5.549278e+02
2.781368e+03
-7.994616e+02
7.261499e+02
5.020853e+02
1.969127e+03
-2.038777e+02
-3.156472e+03
3.595467e+02
1.174760e+03
1.252581e+03
8.142921e+03
4.949180e+03
1.666638e+03
2.414786e+03
-2.601079e+03
-3.626760e+03
3.163597e+02
2.676480e+03
2.658045e+03
8.071784e+02
3.464194e+03
1.733548e+02
-6.295762e+02
-2.306022e+03
2.960324e+03
-5.607656e+03
5.275382e+03
-1.336039e+03
-9.735894e+02
-3.879627e+03
-3.078490e+03
4.090944e+03
1.031758e+03
2.522467e+03
-2.428035e+03
-2.939285e+03
-1.559019e+03
9.598916e+02
-2.350559e+03
-1.271150e+03
-1.140654e+03
5.902823e+02
-7.320453e+02
-2.315387e+03
-2.889400e+02
-1.561369e+03
1.018027e+02
1.847300e+03
5.083601e+03
-7.329758e+02
3.667877e+03
-3.384506e+03
-6.719097e+03
-5.503149e+03
1.232880e+03
4.709189e+03
1.633570e+03
2.803914e+03
-4.179621e+03
3.009364e+02
-3.384911e+03
-2.523357e+02
5.157777e+03
-6.431423e+03
2.355835e+03
7.705222e+03
-4.011206e+03
1.649019e+03
-2.630228e+03
3.944138e+03
2.513250e+03
-4.021564e+02
4.940920e+03
-7.030385e+01
-7.506311e+03
-5.003324e+03
2.130286e+03
-5.847801e+03
8.818049e+01
-6.138161e+02
-4.664071e+03
1.208745e+03
-4.545242e+02
-2.413338e+03
-1.260464e+03
1.536887e+03
-4.225465e+03
2.701245e+03
-5.778012e+03
7.269001e+02
-2.917996e+03
-4.219183e+03
-5.911108e+03
3.172879e+03
4.113788e+03
-2.081418e+03
-6.739742e+02
-7.147948e+03
-1.917790e+01
-2.280411e+03
3.088333e+01
3.371390e+03
-1.013013e+03
7.290316e+02
9.727481e+02
-7.464151e+01
-4.079691e+03
8.136639e+02
-2.413558e+03
3.764122e+02
-6.877384e+03
3.969830e+03
3.472532e+03
-2.867731e+02
4.023952e+03
2.109990e+03
-3.454216e+03
-6.236824e+03
3.994456e+02
-9.019053e+02
2.534662e+03
-5.802966e+01
3.959067e+02
-7.281558e+02
9.332178e+02
REAL 1.200000e+01
