4716.2788981352
322.3418869868
-1176.3666553223
-153.8700276831
7905.9705469044
-5506.2124652198
5820.2749770814
-1260.0186935107
-2453.9708004918
18769.0095663063
1505.1140140758
-151.3093920553
3056.6222697831
810.3383530040
-3219.2253886580
-4141.6867434819
834.2817565674
2670.0035166110
7335.1123944791
-21.7165565354
-1382.9198175015
604.1421087272
-1538.8700990568
406.3883561561
-3346.0563949877
4078.1489235836
912.6972637403
-619.6044445702
3447.5613417725
-8993.2308044942
4812.7106032871
-1694.0874948004
-2648.7130519018
121.6399001926
1753.8610354358
-313.5644627972
-2064.5948656983
-951.9145917776
-3788.6244776566
2388.1036071054
3017.0778318294
-2330.4227402788
2064.1395206423
-1755.3032987050
-6088.2536605951
3683.8024895971
-4661.6586999770
-73.6983056667
-4913.2304477608
-2726.1084712844
-232.8794254110
6850.5231793268
62.0418985940
457.7157610776
-7133.9700593019
-2200.5488887004
3844.4869394347
-1222.2367911902
1384.7051456869
2675.3477920046
963.7186177609
-4822.7489116532
6212.9418168706
-2454.1609337063
1502.9212962656
-5519.8380948183
1239.7553165975
1305.7849264744
5982.9615311832
-524.6314417851
304.4014206741
1695.4281632083
1141.3903695721
-4058.1345853752
7577.1331438848
-441.7292980545
7311.4283384568
5917.9656168667
-1863.6143656897
-1986.7413986730
-184.9015623898
-1594.2491720528
-2492.5756101548
-5028.6562186561
1470.7913301018
48.2003853185
6980.9375382042
3338.5590966096
4811.0596866106
145.2050254481
5900.9908506277
-894.5201822189
6560.8133684819
5050.2952018920
-3235.3338643902
-2582.3303583773
1935.8074393914
1041.5825467703
2357.3972344890
5085.8804674116
-1502.9941603926
-2678.1836229003
3272.8233646728
-3444.5488261525
6000.4551487044
6062.5976108666
6109.6839022826
5807.3924330940
-5831.8980124896
702.7645880938
-964.2281934714
-2809.2776300752
-3355.9766126907
12148.0281748507
2168.2757166989
-6097.0221942446
-4272.7960250383
-1114.5732978351
-6411.1152291494
-2885.7742918595
-964.1789479258
11040.2949974320
491.3549808107
-2977.6609001241
-3526.9663025026
7894.4056738025
-6511.8615859709
-2520.1743570619
5651.6774915242
2636.0294266734
933.7552915079
1089.4416486630
1515.9612040101
1870.3839002792
-2078.0765160491
-2237.7482126596
980.0498729472
4159.2396460637
5201.6650884807
7548.7377668104
-2812.5468206961
3585.2961942450
3299.6893946448
-3928.1611327009
535.2256757458
815.3654769533
-7620.4706636752
-5434.5215124233
-2071.0517184172
-2754.6141158545
4922.3022992912
-1057.3998450060
-1943.3410425584
-6538.6870609612
6968.2161518210
-2515.0444396897
-6711.2536226891
-2652.7506190499
-4484.3586978646
-4952.5609230136
15026.1014902834
-5389.9754928949
1273.1447800818
-6635.5968605554
-3689.1088013346
407.1493659357
-4372.1930336606
-4053.9124032035
-272.8458454357
-4713.8324717406
-3815.5838265796
-2825.8228716617
322.5769461720
2414.3060056219
-3361.0983381858
2560.0376293926
6119.2828921691
-3487.3483370485
-1328.4696511723
1068.4803169553
2827.6427520374
12749.2874351860
4139.0118461751
2935.5770559109
3821.7195633720
-2157.5060131995
-6711.4193140010
13229.1189949267
2368.6595339937
-261.0471605542
-2246.7260763696
-815.2618407000
5861.6406676066
-3610.6610498342
-3031.9936239326
-4098.6717632664
1559.3519263392
2624.2274270387
-4452.6251365151
-273.5374188177
REAL 12.0000000000
