-25.0837800902
-656.3584143028
-244.1333801028
396.5375232950
-513.6924313110
-409.8894480411
958.7831813114
-556.2349615314
1153.2604748778
-910.9695629337
-488.3873120396
880.2849950510
-426.5594212264
-1214.9546016021
435.9141487485
543.7432307683
-863.2457208761
-198.8360040650
-522.1661401960
-729.2482580019
-740.5184853723
-250.1279199630
-728.7910077810
-407.2949850474
-1800.9244038529
-192.7646149908
1694.9512012678
414.4668142105
126.2042857147
1208.2922310876
-47.2981072485
-1058.6614018670
-320.8678018718
-1053.1487785934
-1151.1479242951
33.6983387985
1265.3037877590
2398.7866198895
1303.3231895213
-628.7783024852
-424.1335676424
1212.1910372296
31.5530055682
673.8667587583
354.4834037655
580.9925312353
2039.0990167158
-871.7241930891
1064.6442397041
-962.3210221107
1425.5310182682
-556.9262737927
127.4855853639
-1327.1569679957
-878.3128608658
-474.2221354146
1006.7577415215
233.9652700595
714.5377785167
278.5428835734
570.8264219728
310.1747728995
757.1005194926
883.6611617111
331.0983602696
845.7958442363
284.3501562634
-440.1753023794
-157.6952989488
1298.4241012263
3.2712447194
-976.2626014475
-119.0069634421
821.6879988830
858.2324725315
-189.2724396906
12.7782716587
2211.4214747136
2355.1676545712
-741.9768453102
540.9904795130
1106.0923369570
11.5228405611
-115.9961396823
-347.3803226202
-728.3875009045
1407.9799050820
-287.0920503802
-163.6328984795
-776.0155593672
-79.6365872835
-402.0368579268
-624.3899031622
-138.5238243281
-525.8190799212
-912.9964877023
74.3792078094
-616.6836074372
-151.2062956579
-460.9930174134
32.6462959383
438.6232193344
-302.0879873213
-26.6879338826
307.0061010294
-1198.1185430296
-1684.5968621122
-222.2017211110
-41.9363646398
1805.5335827610
-803.0357849918
-284.0449432926
2321.5095893553
-849.0600920833
-155.5972890300
-495.1728636295
168.4729668915
593.6971036551
-898.6559104096
2308.2392149364
169.8263578748
-384.1878548777
-1351.0270876978
-413.1566804232
-1239.7491515955
985.6168966343
1225.6241896948
41.9206323938
1094.2878941890
-1624.3550278161
16.5841004451
1209.6841226088
588.2642168301
219.7615502324
748.7432880504
-566.5991310677
-314.9525849326
-266.8236765169
1124.9760779412
95.1209836900
165.9785978529
-612.0301117652
-184.0539662069
-1132.8676825596
1880.8179560857
-403.4717801471
-90.2363804760
-377.0428572972
639.1717183712
79.5964104040
-247.3352905606
1424.6518077738
-242.1328059292
-128.1251120374
-177.3213608266
721.2135479505
476.9900501550
-932.8517959112
1551.1391487712
1078.5468425568
-582.8466282960
-1520.6891895509
474.0965934999
168.8308879010
377.7018514551
881.2991534488
-106.4929606369
1234.5643013439
1228.7785842254
-750.0797638412
566.4980378705
2500.1963313412
-559.9088325024
1066.8206908312
-1563.6319529311
-560.4568835323
123.2681170940
-45.1121338521
269.0200534139
-235.7777896089
-701.0607465543
-540.2810137239
-326.7282208579
1545.7479470537
185.9417502614
872.6244481673
-112.9531158880
-548.5316837750
-628.6738047831
61.5434649733
-587.8568051669
304.7026800979
68.0999612915
1570.3621548411
-302.5360536916
984.7146905989
-837.4008516419
-591.9229749373
298.3989768740
1926.7218317922
REAL 12.0000000000
