66182.4969463544
-13363.4037942452
19690.7718220510
3166.9820215563
-43238.5966975278
1197.0454680932
-6918.4918911119
-13443.9881344583
10097.5929987004
39548.7164341242
-13647.6898206968
-24697.4600886155
8491.9021106839
-16673.8658341015
13711.5958931725
-3652.8976790010
-57507.5022911884
50769.5559929402
-30879.8165458760
-12766.6421881665
9006.8140279792
-39859.6866644636
-17310.8286979030
8972.0367978056
131081.9207115774
-44653.3247785939
10.7906143760
18710.7535578929
20778.8695737541
18065.5998680984
2661.8778935344
93060.4521445481
51875.5010526626
-44854.6146247737
-9118.2522837299
115434.0381636398
55436.9974979029
-40072.3402570260
10649.3529682293
15533.1326214148
-13691.7862968375
-20586.0535933941
25648.0638218238
-43667.6564675708
-7066.5964712688
-17049.3527309899
9874.6176061262
-11085.6520522065
-55962.7845430381
47801.1017399284
-38391.0607303121
29534.7767562303
-75156.1247722177
-29837.4591623238
-17675.3212754151
-27220.5805493672
28829.2910475307
-14279.0977188628
30115.7113507145
11903.9771162180
5443.8746597244
-10700.6951851587
-17190.2062578504
-2152.9024907834
-1664.1236183604
-24930.9503827548
-21349.0946416317
11285.6334079333
-33165.8356052879
36119.4550835571
48984.4181248445
-7899.9074911898
-47548.4922737903
5489.3489880874
-43707.6510927362
19723.4448754695
-12324.3156457555
-847.4669864624
-33863.7102853865
5471.0113364602
-15474.6586898655
-44853.4427177766
-11862.1944180694
-62826.6109156374
-8178.7263877125
-32669.5113249150
16844.7254207158
75627.6351081503
1498.6380083509
18860.9147575562
-23125.9764495988
-11005.8333484531
42878.2044707922
34907.7989653512
-29103.2246256978
-1972.7750852721
25853.5524752104
-13565.3901108878
22840.3190845845
52853.1961014653
-32077.0967026487
24843.7949304684
7893.7956627689
5946.5491491578
-47543.0108579999
1367.1837852307
24150.3801481518
35824.6325914444
-10115.5235591733
33749.5815902493
13661.4000930850
-1700.6237190471
55684.1999357808
-13985.6776560187
14243.8737084380
-52491.1330731063
-8836.5892466474
-3706.3079401601
35924.8756045613
25777.0200544624
6573.7616387565
18979.6269877493
6528.7352471691
-4318.2526412996
-24366.9498125724
15212.8660994550
-43977.1653195389
-2506.5656564804
-38693.0788316914
-46840.4289610880
-6247.8319549374
-18161.7604670007
19728.0656107833
-7578.9678653784
13712.7876283354
-41913.3430798015
15375.4324302278
-14429.1531335022
12669.6216515757
33726.7859629681
-43289.1863286218
-22783.4517158934
-6675.2243698093
27990.5803637573
-66875.4673380812
17724.8082483689
-45619.5569681670
-18262.1744215489
-48913.0007904575
-43542.3762277129
3100.9895762863
-28472.3026082769
22763.2803617366
-28737.8710973003
19734.3194316529
-47699.3486548717
28130.5026903528
-20411.7970265208
3647.4284563448
28072.9702000135
31361.6570884236
85491.6159701095
-11885.3303639428
-4763.9645528259
7697.3426296461
-73988.0786075828
89792.7503512419
-44399.8928925651
-40659.7165540856
5207.3095492020
-27812.3417952377
-4451.5602610725
9524.6527451982
-13908.6475193514
46008.9094879296
25535.0028154219
-10617.0796200041
-36561.2413553176
-36179.3960858536
61743.8278482348
91624.5960098225
3974.8804962759
-40474.9673402104
60871.8092565188
65210.8205920638
-15463.7756126776
-57346.6505985365
33833.3796184395
44523.6146443343
-57738.5553021541
-7093.8409261726
17767.3128327005
12796.5642478053
-2605.4019927564
-20277.3289772908
-53199.7072512413
-54931.8002497287
-52314.7899232963
-14939.4909239399
-34223.0837841673
REAL 12.0000000000
