99.7054219988
-337.8852957853
-138.8168588476
209.5819996345
-337.7612377150
62.3742399750
-93.5797362752
-341.2536819430
-160.8577569728
-142.4690149771
-191.1707359393
-403.3726167445
459.4695190079
-266.4371814234
-164.3475187586
149.8248350705
-175.8882095439
-136.2813402851
65.7003100083
172.3245756022
-58.8242276866
-51.0701142858
-32.8553491577
176.7211244651
15.2448414769
-312.4851651954
-109.4090190645
389.3065059779
-48.1357283022
-113.1621728172
-113.6496691386
401.0739293112
281.6525837636
-167.1614842156
-118.4482276017
-45.4035549040
-181.5122122627
134.6845502493
560.6867863204
176.4386610082
33.1776847933
-133.0469540261
-254.9691982711
-287.3076132293
101.5574419101
40.4942024031
100.3933179947
202.5254668753
58.9725955776
206.3410046644
335.1117092507
218.3940751160
6.8064151158
38.5509197025
-95.4305136604
-144.2146401887
85.4650270500
-204.9020855591
0.0330534697
-70.7191907003
394.7862113962
20.1173924170
-173.4110529780
-98.5047283525
-81.0217522600
315.3322323808
48.2227467895
201.4936939500
259.0212782268
36.3304720558
-60.4892789294
-162.7712199119
-407.3216519559
172.6406948895
413.6358722730
-16.1064097200
269.2841477340
-48.8234187813
65.4171644935
-23.3397656166
204.5924250635
124.8460415548
19.4220697027
233.8054261856
-274.9163673934
124.4023347325
-286.1497492678
-11.6983258472
158.4069448038
88.1138297254
-77.3784259572
408.9434233711
195.2784914896
52.5386589696
-163.4266961798
14.6015662997
-62.5817951893
277.5344975194
105.8923894078
354.8060196202
-193.1567342274
309.6137987059
321.9471096763
106.5177386681
-217.1586217653
-260.1630401476
101.2652933796
299.7749090738
36.7313142923
83.8733156347
-24.9666805072
337.9385352943
-314.7531731665
-12.6724610582
164.8997870228
41.6658040387
195.1900405294
-308.5781209701
-211.6776265848
-36.5009778112
-76.5488124144
-147.9786435882
45.5499880270
-243.3585618083
-67.3597885505
-192.2466446441
-50.4912383451
-132.0724892872
-321.4279472398
98.1184363970
128.6842465544
73.3299748133
386.0649135942
-44.8449071466
-179.1050213505
401.5202381626
-50.4124524408
92.3492844320
164.4416696354
-13.8302279856
-201.6625857455
-96.8792433986
457.7096550144
220.8972386875
10.5112315054
167.3126191100
-41.0360139502
-106.3368535685
-196.6477898355
-306.0014291690
-68.2250303845
-485.9248308220
191.6733638376
140.3321777160
-128.5691718687
-60.8341781908
118.0769311392
235.6217313599
-307.1248117233
-130.5390728556
-216.3352723968
-85.8487436609
-319.3908370637
106.1316118858
207.8236729428
-71.5628073643
109.0180316263
4.6048986752
-110.5415184603
-69.1356339431
178.8740767561
-263.0416533722
212.1948855658
296.1944236768
151.4720376506
245.4837923990
32.1402442011
635.8746002727
28.4611416014
-25.5441146011
247.9543787639
173.7279230805
-110.3598277433
-21.8485985800
-105.3312610300
32.6484354521
-385.9471330072
-398.9548199602
-418.9018849189
-111.9309826880
686.8630695512
110.0092201370
90.9717003535
158.2682875710
209.3667501459
-166.1842720650
809.0756490634
-272.9306382629
-201.5669614554
-44.6645598595
REAL 12.0000000000
