895069.4957762214
69939.5679795997
-1077218.8925945471
505787.4357640895
-681462.3605003550
1756258.7242915203
-381776.7579290617
437450.3538204292
-476686.8488168240
499175.6935527285
-1800299.4820144866
1044507.1948775565
-490577.0893333166
-614449.8171827735
-1228876.9900427687
-898946.4868048157
-136698.1196891899
526817.5094970133
374272.5809431367
-23190.8034136215
-367870.4804443551
-620155.0561044144
704455.7227515440
-123436.5439859336
-33127.9913643275
1182620.0561544069
526658.3928213621
-1520205.2670965009
187825.1957903674
-1182377.6157629111
1231424.5479279373
-61873.3346927480
-263438.7637749547
-823307.4835329150
622333.0791898318
287440.4808337228
-773555.5263436892
-1354183.8984655806
-959451.1855023401
-3763.4236236925
-452122.2719154293
-15288.4064299559
-352452.9912456363
-63668.5032726919
391510.7245333334
-914638.6336822651
-525474.0275954773
1465813.8574435784
-1039221.3237200514
-899916.0378920649
-449713.4671302221
-375176.9077460964
16792.1824475296
82302.6988856761
-137438.2728307627
870326.6300234399
2078071.7382611717
-380359.1015338798
1539001.4157090123
2124036.7975381360
857500.9326383624
744004.2501665065
-48245.9127143328
6350.1627596363
-276818.6606485975
262033.0159364355
-548324.6241481831
1281199.0904131799
-348441.6393391406
1121880.5675625245
460100.4902797035
437287.8131806209
-965104.8747702463
552814.4355795252
-462505.0759053629
-773976.2706677134
66074.2702007236
99792.0982151762
37797.4466112578
-708162.8396084053
602707.7788941492
815416.8520467997
1261617.3637890815
-668273.6494417837
9409.0139582068
1050404.1907316677
-549410.5798708545
-488045.9475938892
-625244.1165264301
493849.6511593805
-281851.1684960991
189779.2500462000
83987.8528687201
621535.5569985610
-275762.2789269356
184799.6874783115
275969.8072920590
497880.0620404677
-891443.5605184040
-505008.7295882748
550199.2756646728
-318903.2949184925
-532286.5925334633
-383005.0762435144
-1586626.7591202205
323006.1706518291
268141.6999832821
213331.9702693163
-480820.8278917328
-650491.9933112894
538085.7676458043
371147.8207902020
-1564340.5593545455
226627.3521114238
-825679.3821101285
-1099527.2272707765
-94726.7629448853
-962549.3119303107
-650670.9234635042
-621513.0417577017
-225738.5507649671
607875.4256336041
1283471.9302834921
224283.1478669152
-534561.7135830876
1343631.8821576583
-1681622.7450991406
-50865.5728658283
578783.0109788529
-147685.9185890376
-324198.4280680399
383461.5633709114
-220177.1381955242
-413564.0080920666
-407487.6999679910
134606.7968030757
453803.8824549061
663407.9209865663
-783659.9072585160
745491.1739886363
1451676.8517110318
-309387.3139909029
135026.9034441334
609489.6746922625
2195594.8139942956
192878.1199745242
164763.7539920147
917449.9617980851
668413.5887319818
775096.2038578994
-975410.3538601099
522240.3736104876
-336588.0980360919
-56090.5193198445
-439410.3940883347
-333719.0447682894
335693.5304108045
-285715.5876429259
373290.1187061448
927273.3919314458
-643999.6252682355
-166620.0420728743
488560.3432385410
42270.7508813916
835840.1168202157
2241092.2491593216
-938074.4623043718
318589.2917317800
-294486.8848200704
-156140.2661261249
601343.0075693348
-528815.0213348222
-194297.0643938739
1324758.2697715862
630495.6335957962
217709.9610231847
-745794.4650190535
828602.3809625483
1309262.2307230048
858947.9302334655
-1395851.8529315399
-16217.6169971031
-626763.6740001000
-1737212.0576273683
1329326.9215062344
979916.9317677700
-240370.4311227998
541507.5076812012
1606976.7826189604
-195224.6399372784
-473909.5784037664
-620444.5299322373
757168.6285079743
-587838.8608508528
-776459.9862269160
-345224.4428873510
-644987.1882700046
-139839.5542485081
-2089.6886514438
-576950.2876755691
REAL 12.0000000000
