11691.4820892921
-37.5963701307
4517.3923025412
-7091.3091976218
3714.5654675457
5375.5438778337
11400.6433812904
-12056.8208328527
-14867.3370034849
15649.8281519992
148.0707104262
27176.1709350928
1983.4306793383
2369.1206069227
8812.9893679633
16370.6337736680
104.0851055984
-5279.3061912996
-2267.3291006059
-5859.6241971103
-17571.4738619317
20217.6351454877
6040.4554819709
-32.0628320440
24082.9710101768
-8210.9349881351
18505.3167621678
10452.2377358743
-11249.5087719202
-8445.9386547295
4699.7448166886
-8692.7001320580
-1163.0273693932
8613.5762307657
-2942.9959156547
-1231.1074475361
24892.4556679114
1993.8738623646
9101.2510186122
-5229.8573214284
26399.4859854983
13895.8306896346
-6644.9668298225
10190.0355914846
14892.5516050212
14736.5753571488
-22156.3796202254
7206.9766150033
-5834.2210443222
3063.0026396285
-15434.1565343186
-21833.8412954062
-14865.1386901170
-11030.8347974521
8744.1817485738
7873.8972229281
4342.1383004681
-12988.8637655150
-14680.2630831315
1508.4907074468
2282.1769954198
12930.3847464555
-22669.5027844524
20743.9104290002
-19965.3090814701
2308.2361227112
16652.8759781717
-4528.5516998013
-8493.1079064681
5684.8136665755
17214.5366974502
18939.2752941486
-4442.2531473832
20730.3680466744
11357.8790852426
999.3174476515
7679.5022078347
24361.3773296390
6672.2251367843
9919.5553112645
622.6621521088
16121.1472301691
-4629.0990180484
9621.1619233636
-2533.4206723436
-10304.9193309887
-1860.5035110369
-7322.8024829810
3707.8653662824
7493.8026769100
-8960.3781608640
-2633.5800618013
-22592.8163380522
-5724.8520366066
26647.0723165788
9685.6928941572
-11692.8054100351
5219.4992787419
-828.7313359929
-4412.5019648393
REAL 1662.0000000000
