16024.0386659115
-2938.8674140235
-30661.1356142457
5340.1884851446
-2501.6741732394
14465.9495182872
-6306.8186668115
-2907.1600162257
-9234.0858168917
-15687.6529884955
54083.4873943765
-13647.5055447382
-24800.9978395220
-47303.2387832854
6466.0405416458
35059.9875749618
-14420.0647663226
24069.3702119596
16808.5310979989
3430.9433222899
14422.6811074513
14037.9207781706
-8656.5859125354
-22637.9038618504
-37360.8794009058
41725.0939206298
14223.6976170237
-7304.9629581304
-43868.6814516840
-8497.2998385408
32514.0792467719
-9089.0091134201
-24027.1846350084
33562.9055691520
23894.5169060321
-29591.0259000258
-25627.4619971820
10886.0237815773
36442.5324816291
35145.1994145281
31297.9233940469
14324.6478713118
46888.7601655629
-59884.3323145258
-9846.0915226566
10620.7976249897
10900.7110376217
18744.0341293953
-2799.2844018798
7227.7625983356
-42771.7469227027
-56114.4018640269
33716.7408867303
31981.8539862746
-2768.6292230666
-12177.6408128194
-6408.3357127582
-13535.7199121469
3323.5006662170
3926.8863273453
56585.4586551761
4302.1652635891
14538.2091866875
15034.1463910791
-1385.4813481598
-20039.2772513354
-26572.7380455469
23753.5650472904
2396.4414509386
7678.9411568661
37170.9454611220
11536.1028539477
28083.3622389268
-35399.6928838332
3369.6566587513
-19761.2653071160
47537.2306503334
-22308.1435220769
-37788.7580530985
26704.3974335725
6786.7456689998
-12122.6848759481
5420.3673520527
-1390.1080896467
46323.0152230337
-50940.2198387228
-9740.1088234871
-1768.0043701127
32974.9308198907
18153.1894849962
13942.3356847057
8166.3401793659
3404.2930628750
19681.5245279626
-4154.2152391912
-18508.4968169984
-44494.6010537337
26115.9791004931
1119.1433528232
10540.5556046394
REAL 1662.0000000000
