4.192647e+03
2.208138e+03
-4.089440e+01
3.499573e+03
-2.911665e+02
8.436450e+03
-1.068076e+03
-3.353422e+03
8.021659e+03
1.344764e+03
-4.372170e+02
1.388703e+03
4.189053e+03
3.724206e+03
3.223143e+03
-2.918624e+02
-5.355815e+02
1.655052e+03
5.547337e+03
1.894841e+03
6.791712e+03
3.595951e+03
3.327282e+02
-3.534818e+02
-7.295283e+01
7.141941e+02
2.180888e+03
5.139000e+03
7.126661e+03
-9.761273e+02
1.200839e+03
-2.529070e+02
-1.784971e+03
7.896373e+03
5.560019e+03
1.587162e+03
1.272339e+03
4.238356e+03
4.357369e+03
9.685740e+03
4.608951e+03
-1.205659e+03
-3.880198e+03
5.812248e+03
-1.852675e+03
-1.521704e+03
-5.926578e+02
-5.684590e+02
-3.929808e+02
-3.981875e+02
1.294255e+03
4.200243e+02
8.736831e+03
-3.649968e+02
5.926494e+03
8.682544e+02
-2.539800e+03
3.954157e+03
1.042704e+03
2.381555e+03
2.172809e+03
-2.665715e+01
4.792184e+03
-6.889042e+00
-3.155322e+02
3.612787e+02
3.750024e+03
3.653538e+03
-6.298352e+03
6.331088e+03
-1.927742e+03
-5.168068e+03
3.773455e+03
-5.300846e+02
2.743335e+03
1.845683e+03
-1.116976e+03
4.991147e+03
4.330463e+02
2.310000e+03
-2.974804e+03
-2.492748e+03
-1.774540e+03
3.644854e+03
-6.884786e+02
2.623357e+03
1.331500e+03
8.086292e+03
2.645127e+02
1.474122e+03
-1.205086e+03
-3.654581e+03
6.896712e+03
8.832408e+03
-2.183122e+03
1.177838e+03
-1.783728e+03
4.505458e+03
8.058693e+02
-5.896681e+02
8.388950e+03
3.915525e+03
2.514808e+03
3.979799e+03
2.814947e+03
-2.326109e+03
-1.354766e+03
1.635419e+03
-1.390557e+03
-6.530369e+02
6.040949e+03
-9.710865e+02
-2.359395e+02
4.336084e+03
6.292855e+03
1.783336e+03
1.353018e+03
3.146470e+03
3.119214e+03
3.920547e+03
4.389815e+03
-8.891445e+02
-2.324998e+03
2.745699e+03
5.482084e+03
-4.699162e+03
-2.159870e+03
4.495215e+03
3.075020e+03
-1.348592e+03
-2.134475e+03
-1.309448e+03
-6.310074e+02
6.999933e+03
-2.314688e+03
1.177607e+03
-1.822130e+03
-1.881885e+03
1.345034e+03
2.531889e+03
-1.039230e+03
5.669475e+03
2.260863e+03
2.697402e+03
3.905373e+03
5.145307e+03
3.838504e+02
3.858564e+03
-3.315886e+03
-1.520687e+03
2.492227e+03
6.517043e+03
2.329875e+02
5.387748e+03
4.558239e+03
3.403388e+03
2.475880e+03
2.861400e+03
-3.436989e+03
-1.437550e+03
4.091023e+03
4.231404e+03
2.264133e+03
3.486470e+03
4.104918e+03
-3.294994e+03
9.117577e+02
3.242099e+03
1.298095e+03
5.237991e+03
3.745569e+03
5.286438e+01
-2.142386e+03
2.755954e+03
-9.191764e+02
6.641346e+02
3.229803e+03
-5.698506e+03
3.471236e+03
4.009768e+03
3.473011e+03
-2.926009e+03
-1.550721e+03
1.178071e+03
5.298641e+02
-3.119733e+03
-2.923082e+03
1.726971e+03
2.099170e+03
8.174435e+02
4.301551e+03
1.490565e+03
-1.742558e+03
7.452946e+03
2.574753e+03
9.988163e+03
3.388018e+03
-1.136334e+03
-1.802366e+03
6.961698e+03
REAL 1.662000e+03
