306879.3722490846
4183001.5854533858
-905830.1077522258
3400248.7067873163
-1246085.8020014879
2685295.1210689290
919835.6555816719
-368882.3912398753
-58005.2825476455
1262838.3419626534
-987864.8616221432
-1550449.4920364475
-1501661.7468484736
-1778135.3848652719
-558105.0626441210
188702.0648572736
-601079.8945532149
843134.6154288537
-1475917.5718473616
-2668757.7395332582
478337.2846237613
822158.6362809659
-238316.0154823327
-54410.2426802516
-663041.0717021770
-216185.8611323459
3466941.3083712120
-1624966.0109351846
1262500.8224701959
-62302.7848201626
1961534.1048933060
-730104.4370074139
608082.5483092646
-1849228.2304100286
62083.6714087686
1544190.7101016615
2169033.3117343006
1285859.3941337741
-2286545.9578663755
2165349.0501679637
-1104758.2423899866
2660603.6630709683
-909160.5159772260
657215.6417020892
614287.4881457304
672222.0975984611
2743514.4380274870
-445761.1511334954
-562583.3282867597
-1812678.7545046073
-772925.8428450175
1039262.1279364525
-544313.5759969694
-220270.0511395692
-2988590.8801045847
-762753.9433264854
-612713.4609531183
-1136189.1166707353
-3015861.0055082952
-1243365.8477206815
-1281255.5335971193
-109344.7619085648
-863143.8466989860
-828311.5547338820
1135939.0695789076
-1360350.2542772955
2538158.2561346834
-623009.6023119447
1636280.9573811679
265812.2616964720
525981.9409573953
595713.5026106734
-368957.1031786184
33406.7374379503
856570.4042905921
312644.6254047644
-3036428.7229849424
-1552225.5332475905
1830032.1888799944
-1093329.8099610521
1783158.6602812391
-864530.1632459621
-1076311.6705531327
-315422.9294427907
-628712.6926827774
-267771.8544986768
1202435.7934552400
1722451.7619630733
916564.1033970568
-1519870.3809647963
-2255700.6914865076
310104.6822694676
611096.1499304715
-1244783.1687465253
-71100.9486975305
111913.5262311373
-404464.0322410316
923246.8576154118
-270442.2985791879
1116136.9346053380
REAL 1662.0000000000
