1.773766e+03
2709.5710937461
811.6240206778
1645.2991353785
1832.5020553536
1570.1689231780
-729.2066971592
2022.4513731119
427.6049126584
565.7359367924
693.1919055834
1810.6440990562
1405.1773163360
1131.8986338988
3653.9168228951
2609.0409208351
1754.0001460146
1860.6006552287
1351.6718171599
1400.7998983433
2044.8216115554
2335.0207755174
1707.8870604814
1502.0231507336
1421.6183410810
1752.7839855094
1621.0890650121
3766.8750993865
1344.4455438351
705.7656594051
1988.5601026940
1947.5287125197
570.9135311157
1492.9255791211
203.0604631727
1096.5383978356
2194.5263336792
1548.4777497346
1041.6815732716
2886.9956876910
1583.5126553757
1584.5239527237
1410.0250502693
1215.6813808337
1852.0881558356
856.7896163480
942.2159050629
1636.8060140457
1115.6713570808
1987.6031235440
1806.3505814180
2767.5009772985
1626.5880747416
2525.6834832682
2450.3903514774
-77.0317034929
1454.9994591739
1030.8237125109
1865.7030464017
2704.0626058117
2070.8104991528
462.7397815314
2233.2590524907
415.8994705578
1551.1793226183
2873.4241889872
2444.0795764344
662.6410795654
753.0663132205
900.5997726483
1971.1834243713
490.5731811080
3766.1554114307
1883.7201454090
2552.7974222268
2063.2735035808
1068.8160897957
2863.6073677598
3250.4252077467
1094.1364427130
2559.1876044350
1401.8932594616
2878.5480026894
1283.8148778240
773.3279810731
2097.8914007894
3671.5605749896
1020.0562999096
2922.6036631006
1451.7545835652
2030.4075944748
1228.2094925564
1658.9601069971
2388.7379465828
807.6326239730
1323.6355145594
1865.2349033032
1512.2551677239
900.8869185660
2623.1652570391
2474.5580008717
2648.7294984700
3570.1076448745
1939.8782487775
1991.2993860829
2231.2405099932
2681.2675146362
3048.9673840189
1205.5868594347
1872.5739383787
607.2769249649
801.8214190745
1229.8963646257
1508.0622840464
1688.0461653324
2529.4745839862
237.9111685197
1337.3456243965
3228.6762495028
1745.7931499396
1353.7311903888
2639.1749365292
2986.8600519088
2093.4614229112
2592.3592951216
2234.8278097108
594.4213780132
912.2124507791
167.1086362381
167.3511564382
1739.3626336644
1942.5866032396
1395.6717278489
3222.0173967797
1612.6052768162
1227.0661433546
2866.8388620278
1622.0181255271
812.3786351757
2540.6560344824
1322.9292329653
2562.0067405144
670.6579474481
3202.5398450470
2257.4592065971
2912.7903491839
1346.2934204630
681.0540181825
1009.7362912402
1785.4741476036
1728.8609416463
1993.1022092524
2435.2529772957
1106.2328970738
967.8911912980
1951.9380152004
-149.9434796682
2003.1453581826
-108.4332161632
1702.6681941243
1440.5726768952
2076.8582745323
702.4174022466
1824.3791677853
2451.5710725050
1047.9741878433
2847.0214834444
1671.8648225330
926.0731893506
1485.8953375962
2039.1528970684
2250.4889536426
1521.6786322053
1377.0031396285
1617.9882114810
812.3603931933
380.0700041119
1217.7945605709
771.6406764288
1517.0967698169
1735.9979662758
821.2461674621
1729.2183070522
1327.6902853838
2280.3404724824
915.1318176165
1517.2160868916
2306.5621754867
114.7160606106
4019.7226370282
1438.4900517172
1414.9032726992
508.2252679649
4218.2350517219
1356.6329886857
1024.7864378629
2039.3599483585
1380.3506346633
1807.1375920738
1212.8386394166
REAL 1662.0000000000
