9.852843e+05
-1.305741e+06
7.047840e+05
5.323871e+05
3.565077e+05
5.651742e+05
-1.185318e+06
-8.698948e+05
-9.083076e+05
2.249703e+06
5.428506e+05
1.335686e+05
1.119529e+06
9.937417e+05
9.981515e+05
-1.964914e+06
-1.683534e+06
-9.919819e+05
1.051871e+06
6.047672e+05
2.451832e+06
5.154509e+05
-1.865477e+06
2.840520e+06
-1.472094e+06
-3.380348e+05
-1.018765e+06
-1.219495e+05
-4.920909e+05
2.896208e+04
1.685586e+04
-3.093203e+05
-5.457008e+05
7.904241e+05
7.649865e+05
9.951648e+04
-9.781520e+05
1.592830e+06
5.090183e+05
-9.130350e+05
1.578312e+06
1.277402e+06
-1.851862e+06
1.232511e+06
-5.015027e+05
-5.403604e+05
1.363781e+06
9.459625e+05
8.802042e+05
-1.505332e+06
3.893495e+05
2.195290e+06
4.233150e+05
-4.936782e+05
-1.672435e+06
6.076759e+05
-1.813740e+06
-2.204328e+05
-6.061399e+05
3.901558e+05
6.858364e+05
-2.033569e+06
-3.554226e+05
7.255581e+05
7.952786e+05
-2.121087e+06
-1.122920e+06
2.113029e+05
1.130818e+06
-6.011837e+05
-2.981493e+06
4.797556e+05
-1.237158e+06
2.597366e+06
1.244368e+06
1.117075e+06
1.853180e+06
-5.675143e+05
8.914739e+05
6.239404e+05
-4.584373e+05
-1.210663e+06
3.489448e+05
5.269480e+05
8.567189e+04
-7.551556e+05
1.408263e+06
-1.799522e+06
-2.564497e+06
-2.748046e+04
-9.223809e+05
-1.036431e+06
2.207284e+06
2.620283e+05
2.889287e+05
8.462682e+05
6.290568e+05
-2.977410e+06
1.219529e+05
9.795851e+05
-5.751747e+04
-8.647744e+05
2.756849e+05
-8.601678e+05
3.310905e+05
-1.410673e+06
-5.482810e+05
6.852748e+04
1.158095e+04
-5.989155e+05
-1.283219e+04
-1.279382e+05
1.363192e+06
9.393518e+05
-7.926149e+05
1.664691e+06
3.464109e+05
-4.034584e+05
1.450934e+06
-4.121976e+05
5.716510e+05
9.222909e+04
4.660798e+04
-7.393425e+05
-1.370655e+06
-8.335729e+05
-1.010416e+06
-1.445761e+05
4.487693e+05
1.334367e+06
-5.191678e+05
2.248166e+05
6.755704e+05
1.051894e+05
6.118907e+04
1.799492e+06
2.349792e+06
-1.626199e+06
1.884351e+04
1.496973e+06
1.826270e+06
2.680819e+05
1.134101e+06
-7.047150e+05
-3.690463e+05
1.213981e+06
-8.240023e+05
-1.196349e+06
-5.358483e+05
-4.462825e+05
2.378162e+06
-1.250370e+06
7.966635e+05
9.707174e+05
-7.400213e+05
1.893822e+06
7.980011e+05
-9.396448e+05
-1.371999e+06
-2.686793e+06
-2.865881e+05
-4.143677e+05
-2.788440e+05
-8.902150e+05
-7.834237e+04
-1.561270e+05
1.113497e+06
1.833435e+05
9.041274e+05
-1.507177e+06
1.331154e+06
1.611877e+06
-6.579809e+04
7.494352e+05
2.107903e+04
-1.509732e+06
-1.704496e+06
1.046022e+06
-5.603087e+05
1.059554e+06
4.516624e+05
-4.840244e+05
-7.054810e+05
7.297001e+05
3.885121e+05
-8.653336e+05
2.852233e+05
-1.769748e+06
-2.434868e+06
1.837046e+05
-8.528274e+05
-7.308719e+05
2.334503e+06
3.177098e+06
-1.040922e+06
8.404504e+05
6.976244e+05
3.201068e+05
3.372285e+06
1.039411e+06
REAL 1.662000e+03
