686.4743391455
651.7952639956
3685.2491852754
-432.2559404602
684.8657268190
3143.7803197763
6997.5616969293
3903.2987551780
1648.0044497349
1610.6064462933
4624.1030108041
3775.9180647369
233.8713371663
448.7816711429
181.3645335239
3467.7790264346
3887.9514145411
1836.1511789274
1576.3373976599
3623.6614538778
-1159.9589564718
3586.1232578597
-654.0774439922
2901.7985105498
2098.6674831166
1454.6307789583
3409.1136702848
2173.5360308903
2563.5147812634
3435.7363032873
1134.0257182130
821.6012136688
1000.5484802001
1833.3560142983
3010.6157188996
3626.5490892667
5685.7223001366
2005.6861750228
2473.2425305496
2823.4086361879
2848.0811766787
2798.2425696886
1224.3420536272
7770.9835759284
-194.1349856138
2828.4182528717
1093.1220065327
3118.5599975751
2313.9874944453
2265.4259368283
3922.8997834044
2099.3869464184
5529.8596593996
5632.0409885249
2438.9511317869
3513.7949901720
2510.6829944041
3277.9890001593
2196.9688561454
696.1477323323
1558.7413105683
3446.7242799287
2612.7079658379
3567.1485634325
264.6027451920
1732.8398764984
1452.5907207250
-1782.9463629096
4162.1031095975
2216.6519349748
2858.5687979091
-481.2562276218
1571.5253990560
3391.0039067228
4194.2263703026
2991.3948779932
213.0205776564
2102.9105257781
1036.2916238639
2943.7681881072
-792.6792776519
2549.0034760338
2345.0150049675
-712.7981795107
1323.4655606974
3894.9759089431
2822.5700113936
1970.2233712706
2308.3146413339
2961.0317396522
2860.1855464228
4559.4848980306
-347.1827732381
1912.2125430534
637.7093235663
3062.1078821316
590.7777997472
2975.9799829138
3868.9309352600
894.4971747711
REAL 1662.0000000000
