-132068.4508973679
-135947.0873484414
-41223.2064028083
-47703.6920726814
-25720.7377827590
6369.9746454219
125222.4007558133
31874.0630635862
-85971.5134694609
-45443.4323413511
2946.6406540103
-229482.4452182996
74758.1061664243
-96686.1295456255
43108.3532810421
-204090.9792827674
17623.5483544955
-39268.8087815998
12640.8375007753
125397.7498595398
7153.9578255546
50227.8534921677
50603.9351571029
-22209.4677762855
6259.9313942531
-87710.9571005869
-202465.7501249080
-85357.1484474058
120770.2091572332
140561.7003098428
-299039.7752595914
34847.0454761466
155198.1254926495
-33533.7180711073
-129205.0491174838
-123190.8505840561
66370.3118314574
41183.3296167565
-52320.6077570132
-114672.3568153409
94130.3945601268
-132629.6226717418
73236.7316445788
-74692.1554119297
6193.1662826580
-53973.8111461571
-65861.9304969222
131527.7625462438
121890.3959044885
121223.2334237365
-142107.8797797865
240695.4535020804
-22120.4597969906
127096.5087702614
49966.7748881287
-163071.3842495620
-19460.8635811085
-88435.2494824703
307755.8635342752
129909.7770792447
-214481.7154268075
-121340.3184812892
113569.0748607727
-175551.1031710716
99116.2809006102
-49253.7028983503
61346.7833222245
-169628.8108862110
103981.0432020390
60540.0648766895
44627.3587875941
-97699.4632705643
7332.5010613794
97557.6098566608
-22170.3773435740
-27210.3960465292
69865.1141411346
-160775.5104586433
-2216.3851005959
-40834.0286906702
-169796.9848801383
130573.3907426370
-97315.5553233058
-43128.1923703919
-130.5499093225
225622.3652528693
-108617.7100315473
53126.0777315771
70169.5669399679
201688.9302042641
74426.0885528226
-62832.1076873551
159771.2272018477
17413.3357039694
-1076.6041616246
-20649.9379029626
60321.8854695825
167097.6969798768
113672.5153673891
-11687.1187398658
REAL 1662.0000000000
