54031.4970712368
-26323.0719556203
26603.1130765458
46303.9471454952
-15566.0905088151
-6617.7842507095
29240.7400302037
37568.4827158580
20143.2893685175
32527.8089578233
-24130.0746802882
17343.3457305180
24798.0670049476
16238.9459442025
30002.9268145103
13128.8395958633
-2092.2994405254
47400.8016038782
53122.7093553647
16588.1620803412
-33311.4332217789
10672.4396563868
46895.0996402236
79652.9675051698
58587.9318884788
32842.8117598499
9522.5156559717
12209.3525652765
20835.2835236144
-11126.1237069301
27936.9301332188
16499.8875929010
27246.9920401394
23951.7463030429
48451.0168728889
17961.1335389998
38207.6226682088
27459.9897442132
26970.5279704307
442.0805466141
26044.3743695006
61802.4609315351
1287.4642448539
7447.4166695789
-15529.4962614870
45375.4646109176
63392.6576149684
-410.9338115183
-34740.5551136279
28931.6245823275
-35086.0634133802
-51985.8898765117
-42316.9534414033
1783.5400288709
6361.6836052875
-48944.8635902776
1477.6238329638
-27920.5949640737
37508.3091144853
32580.4406248206
-16783.8104479624
15101.8274505022
9391.7616788928
22125.1329147527
14912.1822217463
-14541.8575168366
65657.2741071086
-2651.7083968790
48501.3783979805
18189.3007955909
5523.6218682650
26626.0634613726
43342.5113566947
-2135.2092559583
55691.8922838730
81108.6825320461
53520.2103774008
46666.5068410525
52601.2338050861
38201.4396174438
71125.9771475643
8850.9144252756
9918.3308993974
-10124.9456380293
-10181.3251647494
23978.4753139361
801.8908316246
11234.8728522968
-2465.7586435581
-46066.9706665001
5306.5561025872
25913.1318070039
-13967.6279885473
23907.9864138956
-21814.5940883282
9295.7946792255
78629.3614724416
39507.3201747374
27805.8262690399
14494.4518112735
REAL 1662.0000000000
