1912.0875750246
-2115.0859183617
-5523.8615042751
7787.2632205375
11184.0508516068
-6002.5931206781
7038.4940083714
-1246.2628841164
7073.8185331000
3138.1367666015
492.0940129689
8215.8973522476
-5824.8399653957
-4702.0916315733
-6100.6240986239
563.4131559265
2836.6906436193
6711.5188650527
-8331.3482084334
12526.8147098533
-1856.2786926128
-1709.6418062190
6264.6181820181
-8182.1954572423
320.2304979920
-12720.3556464776
-6393.5298461759
3366.5113200984
2979.5799935071
2842.5002223531
1617.6285664972
-7751.1265493486
-574.3523104770
-6242.7266785819
-8204.7927689298
-757.7095579211
4596.3412656489
-9566.4234184809
4009.1440379454
-2149.9527736208
8339.5402327657
2452.0982031853
-5027.6499091419
4116.4752449382
-8825.6476797994
-6100.9027046627
9592.6647514211
-7416.6714489643
-5097.3198267897
-2768.0856718498
14387.0781870477
6995.8632259577
-10935.8501909114
-204.1098982092
12716.5451617055
-6411.4330551229
6886.6248656777
-102.8539727018
-3741.8417245573
-2762.8544599836
286.9580916022
-4989.0458584634
14029.4930558572
13855.5984652183
20594.1808218306
10050.9145381080
4659.4661005691
7622.4785726975
-6061.7560096413
7326.6118755122
-2860.6879879079
4899.8593055605
-12213.8594232315
-918.5190590289
-1266.1191278688
2397.2155151714
-12540.0981866584
3919.1226874890
25789.5214641987
-8673.2874689049
-257.8476232949
470.2523058979
-3019.6775088371
13912.5061095695
2256.6079091347
1530.0743984657
6451.6777240864
-1459.7228507790
7991.9163566432
-2033.1691475796
8038.5089361866
7574.5082664556
12.3533479903
14554.9437037696
-529.0248908681
5514.4775533433
-2186.5781097128
-622.1723531525
-2805.9066289731
-6869.1021627320
REAL 1662.0000000000
