261490.3031872399
-391649.2328386641
-138618.8105944116
-756345.6823581461
771380.4473443886
594176.7183221189
139104.3837660694
472206.1030106766
-1463777.7418788416
-887468.7377556531
-80116.6688322121
344271.9499004888
-931292.6749957282
-388347.9869512315
995539.4337512235
1051725.6081884667
699776.7632995704
11800.9201245393
-167357.6709044109
-116886.1752197492
97220.8825880913
-1120266.4302945456
-704701.7615094408
-1971630.3029785171
-541930.6899579573
-646177.8775195459
96406.6297526602
317958.8262678160
-183325.6394298973
536072.3910459646
778782.2133667718
-1132075.0158758636
1614917.0380744087
345447.7829695636
499830.8024647006
1278585.2282840850
-578054.2361962913
77292.0354519396
631196.3146772015
-746600.4841540991
573215.0918151046
261757.6448336853
-226073.8506000582
-1173760.2058979339
-1557325.6867429304
754085.0513058948
-1556649.0799106470
1103625.5039113066
424749.6625534045
-2209678.2935292043
-52216.2420211694
-1086655.6875910996
-349559.6534169318
1942559.6037745247
1345648.0226633930
-1298145.4615351563
-321731.6922837223
-206887.8657811218
393444.2455741529
-838175.7584568559
-615693.3027814789
267625.2461168104
192348.1484771263
-623630.9834734463
182400.8764462780
-914922.4097507836
1218914.1914056665
-203525.7017387597
443550.8680064149
-741079.7702470456
-1371417.2967793691
609897.2279093416
-615307.4264732328
-76870.4515384005
453695.0629684991
395639.9134029129
-1299418.8379179869
32800.4957726940
391773.5484457047
40273.7612240714
-655241.4033142785
1313494.0976863362
-379334.9813973572
-161512.4803732451
749378.3139346923
-2120386.5553501460
221063.0509644809
248674.0032594207
198611.3650969242
-843118.3332165153
1220210.8104510152
523552.6549628061
494118.8962130906
951085.2182916806
-769050.1705545533
1390479.5760028464
210058.0565884236
198567.6891809633
-49156.6710746914
-128829.6193005388
REAL 1662.0000000000
