3052.8221953260
7251.6058374459
4695.6650436993
2384.5060236637
1873.6019853386
4439.3917043478
2786.4610731626
3264.2962901738
2277.9697939894
-1017.2244797724
2813.0065301422
4351.6137485894
2210.7058362365
3188.6561523897
1177.0874009659
3691.8598559183
6799.5175485516
1585.8092435063
8399.1462416730
6269.7236407961
9188.8260295138
7418.1809043479
4616.3728689540
473.6994370309
2645.2395243548
766.2451305560
-575.4501138382
2538.7032365886
6330.3456167689
3237.5633651925
5395.2544353732
434.2703012367
-753.6067482661
-1586.3654735021
-5817.6709289228
5173.8603248728
944.2728167209
4148.6773360995
2171.7670169475
484.3092823765
2830.7129438118
4589.1201864971
5.8900073123
3084.6971670665
2423.4329762005
2639.8649905780
7297.2092527341
3644.4696410782
5536.8647271837
2822.4716608809
1425.5751453648
-8.1070477674
9483.4179882860
3289.7937594273
-2157.3920758788
5292.4530155930
2160.5775592056
7883.2405378658
2518.0439448913
5710.6339388242
9181.3812654819
5983.5831389303
1793.2483774243
9050.1090471212
4135.1458999441
6525.2567221332
2234.7209544770
1797.8021280347
-4382.6688476102
410.8152374099
9625.3405467329
4863.7468315892
5496.7838492866
-4226.8178118369
2406.4060229774
2415.5385904461
3190.8260721457
310.9373794558
-422.7114152610
1404.0735781501
7563.0316903442
2873.6172362865
13597.5439373340
-1439.8766465859
-692.2466552570
3095.8384451440
5165.8377811182
6597.2701425550
6161.7228557339
6045.8209691557
3144.7596892673
10778.8515565722
7591.6395396748
6959.4222993568
-1121.3295367191
4541.5473664314
-29.7580683042
4267.8965816693
7794.0052381799
-2113.5626747090
REAL 1662.0000000000
