9233.3137084098
7363.9962032915
-6114.9968185653
1231.0327948753
553.7033383219
7020.4834100430
-4399.3633939718
1491.7450236729
1511.1928484840
3739.7992386760
-3054.6283486668
6947.5866645038
-2928.9904015339
-4467.1675847134
3271.0934687988
5946.1561702430
-6814.4745812475
-3038.8612201719
13474.0888712804
-2703.6972099151
6536.0547999694
3015.5362631659
-2208.8309851932
3671.2968599015
623.0450122519
-658.6142040069
-4870.6523237695
-3304.1928977039
5300.4387835236
987.3337991823
1249.1659061558
-2328.3353780553
-2810.9585596454
2855.6505690561
3256.9286757510
7636.7149309562
5899.2528955826
-1566.0785532978
5049.0349479720
8202.2449797331
9981.6700625437
8170.9590280902
7563.2199322430
5609.5861584980
10259.3617687625
6527.9553732902
-801.8159398645
1239.5783514633
14714.6419654604
503.6092582229
2171.5341757794
11087.3402477152
7679.5093400152
10404.7107441602
11152.5108656613
1641.5630863863
14205.1928786744
7990.3254107501
-334.7168712966
1449.2336897845
1272.0327423103
5864.7066810403
7043.8234214603
8692.3963144570
12794.8201309646
-3650.1034100654
466.6116562633
9277.0840993254
-2441.4923902081
-2697.9448289665
301.4037554840
-7465.9782231006
-2073.4090930293
2983.9059483468
-28.6816929636
4708.2396383735
-1141.6543353076
5782.3222667102
-1591.6128142932
-309.7012750421
11483.3868652653
-125.2577095544
2354.4360717354
10116.1969626186
-2214.0747976797
856.3768186475
-8479.2953871319
5116.6005324013
-832.7126636478
2353.6190851767
8303.3006432398
10977.5285923545
10716.1754145727
3047.4452951672
6316.7154244662
6381.0032956641
-3388.7277849424
5813.3411318021
-922.1514523731
-6171.2247708521
REAL 1662.0000000000
