2.367545e+03
2.746823e+03
9.314252e+02
2.644430e+03
1.506220e+03
-3.366213e+02
2.602165e+03
2.744638e+03
1.355300e+03
5.857244e+02
2.699384e+03
2.312510e+03
2.625150e+03
2.107762e+03
2.154461e+03
3.512611e+03
1.300329e+03
1.365694e+02
2.626999e+03
8.770350e+02
8.832257e+02
8.160744e+02
1.602629e+03
4.262911e+03
1.695095e+03
2.329043e+03
1.200565e+03
6.967922e+02
3.710357e+03
1.408148e+03
3.028714e+03
2.716466e+03
2.159721e+03
1.434033e+03
1.638905e+03
1.733140e+02
6.555086e+02
2.190659e+02
2.341480e+03
7.758812e+02
1.683540e+03
8.451379e+02
2.057658e+03
2.054747e+03
2.368005e+03
8.723429e+02
7.169282e+02
2.412256e+03
1.482242e+03
9.115033e+02
2.925386e+03
4.097780e+02
-1.323818e+00
1.929467e+03
1.936480e+03
3.713771e+03
9.976989e+02
1.463078e+03
6.085939e+02
3.237375e+03
1.999818e+03
1.449619e+03
2.480906e+03
3.056328e+03
5.959112e+02
2.142984e+03
5.621925e+02
1.455108e+03
3.072467e+03
6.247245e+02
2.062496e+03
3.045674e+03
1.540157e+03
1.065949e+03
2.514875e+03
2.998920e+03
1.993166e+03
1.229602e+03
2.215787e+03
1.925968e+03
1.915647e+03
7.138818e+02
1.144034e+03
1.418290e+03
6.003581e+02
1.854744e+03
1.530626e+03
1.942157e+03
2.583249e+03
1.425556e+03
4.152823e+02
-2.089247e+03
-9.060681e+01
1.796381e+03
-1.085857e+02
1.342271e+03
2.248799e+03
1.945815e+03
7.708307e+02
3.388658e+03
7.820825e+02
1.436956e+03
1.843794e+03
1.379968e+03
1.526657e+03
2.064708e+03
1.757307e+03
2.252198e+03
3.537367e+02
2.522573e+03
2.031181e+03
2.797734e+03
7.666010e+02
3.480567e+03
-2.171914e+02
1.033781e+03
1.185596e+03
6.360456e+02
9.915437e+02
1.494151e+03
1.141556e+03
5.930651e+02
7.148886e+02
1.921868e+03
2.811853e+03
2.330596e+03
1.224969e+03
2.109063e+03
1.379707e+03
1.286162e+03
1.874512e+03
2.212839e+03
1.846386e+03
1.780200e+03
1.510700e+03
1.920674e+03
2.971423e+03
3.233753e+02
2.105024e+03
1.804967e+03
2.642448e+03
2.457670e+03
1.472500e+03
1.905025e+03
2.321758e+02
1.116604e+03
1.704558e+03
6.104569e+02
2.681608e+03
2.993824e+03
1.645670e+03
2.659831e+03
1.083144e+03
1.898351e+03
3.567314e+02
1.130180e+03
4.353223e+02
1.415241e+03
2.191138e+03
2.779321e+03
2.646091e+03
1.700251e+03
7.616080e+02
3.017617e+03
2.961346e+03
1.653085e+03
1.718619e+03
1.109347e+03
6.276443e+02
1.666395e+03
2.880330e+03
1.426055e+03
2.545377e+03
2.656662e+03
4.542977e+03
1.997490e+03
1.228560e+03
1.122548e+03
1.260257e+03
2.506203e+03
2.042802e+03
-6.495123e+01
2.585486e+03
1.613276e+03
9.943341e+02
1.673556e+03
2.495980e+03
7.938105e+02
1.517241e+03
8.572157e+01
1.772104e+03
2.538789e+03
1.482396e+03
1.570022e+03
2.449386e+03
1.769688e+03
1.550735e+03
2.148759e+03
8.157782e+02
1.718326e+02
REAL 1.662000e+03
