5.759879e+03
1.136899e+04
1.687880e+04
2.060860e+04
1.527545e+03
2.880535e+03
2.982948e+03
-1.944536e+02
1.787770e+04
-2.391311e+04
1.007668e+04
6.238217e+03
1.982129e+04
-1.033173e+04
1.209883e+04
-1.029077e+03
-1.610841e+04
-1.621008e+02
3.556595e+03
1.111121e+03
1.231009e+04
7.930269e+02
9.465198e+03
1.743080e+03
1.045388e+04
1.068183e+04
-1.469339e+04
-8.558808e+03
1.424698e+04
5.397651e+03
-1.473235e+04
1.228435e+04
-6.991144e+03
5.775807e+03
7.008820e+02
3.106978e+03
-1.456670e+04
3.974591e+04
1.378146e+03
2.681982e+03
2.344374e+03
-6.035078e+03
8.460726e+03
-8.563310e+02
-1.731928e+04
-1.189205e+04
9.273261e+02
1.750375e+04
3.183088e+03
8.759147e+03
2.188716e+04
-3.752239e+03
8.494060e+02
-1.743045e+03
2.578968e+04
-8.235967e+03
2.069310e+04
2.405971e+04
-1.589749e+03
-4.416591e+03
-1.018486e+04
-1.465004e+04
-6.756678e+03
3.725097e+03
2.396385e+04
5.096515e+03
2.613826e+03
-7.501441e+03
1.811852e+04
3.371623e+03
2.006763e+04
1.330697e+04
-2.029503e+03
-1.417868e+03
7.632809e+03
1.142363e+04
1.726388e+04
2.358096e+04
-1.672204e+04
-1.799671e+04
1.336960e+04
-5.710387e+03
1.653695e+04
2.573798e+03
9.811800e+03
7.090690e+03
-1.544954e+04
-1.482545e+04
1.189738e+04
-2.061006e+04
-1.202228e+04
7.569070e+03
-1.776141e+04
2.676964e+04
-5.189952e+03
4.402220e+03
3.879758e+03
-1.340717e+04
-8.659735e+03
1.156630e+04
5.978910e+03
9.315972e+01
-2.171799e+04
2.282826e+03
-1.628836e+04
-3.678836e+03
-1.702818e+03
3.946890e+03
-2.431871e+03
-2.793067e+04
1.204855e+04
1.229883e+04
7.720490e+03
8.382749e+03
-1.223718e+03
-8.958330e+03
2.096344e+03
9.912164e+03
-3.484775e+01
6.591650e+02
2.092582e+04
6.904701e+03
5.379639e+03
1.400892e+04
-1.463417e+03
-1.433123e+04
4.669037e+03
-6.318956e+03
-5.203384e+03
9.181592e+03
-9.751432e+03
-2.242251e+04
6.791821e+03
4.454115e+03
-6.817412e+03
-6.486438e+03
1.620626e+04
-7.395747e+03
1.485783e+04
-1.689416e+04
-8.317711e+03
-7.524556e+03
-1.840654e+02
7.607402e+03
5.332707e+02
1.607748e+04
-8.315625e+03
-8.305462e+03
-3.793416e+03
2.309967e+04
-1.315618e+04
8.465129e+03
3.431829e+03
1.420312e+04
-3.076073e+02
1.840011e+03
-4.569133e+03
1.212814e+04
-5.755413e+03
-1.964586e+03
-1.513029e+04
-1.424662e+03
1.557807e+04
6.887201e+03
2.151865e+04
1.162622e+04
7.613760e+03
-1.434363e+04
6.859520e+02
1.761249e+04
-8.972617e+03
-1.557132e+04
3.011514e+03
3.915883e+03
1.400755e+03
-8.813916e+02
-2.484786e+04
6.756060e+03
6.976499e+03
-1.128013e+02
-2.623187e+03
5.113083e+03
-1.301496e+04
3.427027e+03
-5.502482e+03
1.230600e+04
9.737055e+03
-4.835940e+02
-1.577400e+04
4.625681e+02
-6.929080e+03
3.819953e+02
4.820465e+03
5.069767e+03
6.935599e+03
1.115837e+04
-1.829298e+04
1.572692e+04
8.677391e+03
3.221559e+04
REAL 1.662000e+03
