-16891.6452282694
-195990.5217216026
78011.8522876842
-21721.1612439761
-57604.7390140974
-104501.3986048945
-190812.5596991383
-153511.7133804182
57006.3202411657
-338955.0102411668
-11985.6204210269
-148237.5581160446
245125.5357445615
42378.8344910017
243102.0958282587
207548.5154994045
210714.0383196883
183523.7736921620
-35819.9883006509
-386402.0292878654
26766.2786440804
123736.0589242433
-27166.5554869087
-126046.2394096889
-16137.8868866356
152097.7907740461
61975.3042206921
-73393.5708168656
187523.0666126971
-4057.1828221634
-41410.7148502253
85885.6399608413
256335.0523633442
260236.5672822127
-64929.6433675665
-251256.7454374921
55853.3658577791
-89944.3549454788
-27545.0592499128
-165393.0129294115
-172099.1710346657
17819.4697616803
-174036.6472605927
-97039.3038837478
250670.5100036427
81902.9477298275
-118472.4983180110
-215677.9248766185
30200.7957807777
-45570.6027946900
-131295.3152825337
33501.4770788882
-16825.2811209407
192437.9727966594
165030.4922487289
110699.1602855859
419375.0777470822
-189904.0154382327
111393.1169343572
-235903.1945011067
45743.6120865618
205742.1017143976
-57811.9249295556
-136768.9904273833
-96200.9850394367
-171379.9297543201
127558.5312548224
-79678.0075892681
39201.1879051028
-13683.3242361861
-58203.5343769361
274174.3050276828
84319.1246350749
6341.7830237040
158423.4624868278
-178368.9839263802
-186017.3703196273
-112573.2395703943
67609.3354387871
-13720.0362719722
-369186.6136998483
157299.2889042419
-275174.6810561205
-123165.1643558551
341706.0575343755
260021.4930107389
-21240.3049730987
34608.8553064496
-5129.9927749884
-138476.2139953945
-61168.6159010418
86305.5654070597
326658.4578548259
99692.0436588593
-155139.0502480716
-31415.1393673728
144880.6879852813
-140957.6740919034
-169386.4745578695
89758.0496527587
REAL 1662.0000000000
