23563.5265555308
10374.7749654040
26776.0686031295
34598.4816804538
-13216.7565865915
-3635.3774710181
39956.2494318738
3663.4292092041
-6475.3425367411
6532.0032539977
-10914.4317230848
-13143.1425804038
13016.9580921248
22213.8263892977
24004.6990999866
13298.6706699991
17372.9566680456
77306.6645268420
20071.0500613111
-38312.0435736950
20692.5315439725
22348.8567196055
37450.4904258955
9244.6178073187
57673.2017928624
3338.4329667386
8372.3868246871
-45029.6556339804
-23290.3967941016
1664.1810872070
60416.0365991161
-13283.0811355331
42562.9326453468
-4011.3650580200
36817.7915516869
-24348.1543848748
30028.8517434839
72876.8636240918
-4063.2959532186
-15527.2797132172
-3900.0174289541
56658.2161979150
31174.7873982739
61419.9935831101
60.2158300011
18903.7278585732
2379.0307548129
-34040.8787176667
-25660.5667059774
8682.3793553816
-6294.5816525887
-595.1403616726
-6652.9792810515
-31160.5842649777
369.4160536776
-49082.5012023838
-40992.0869903957
103262.6734369365
24449.1317681287
-1718.6520701339
-9322.2510977881
16167.3932859331
2859.5340526304
-11767.9161457667
-1938.0652975904
7585.2647221726
-49746.6933395392
22214.0834667954
86038.6046133339
21211.6749987979
6624.9034700927
-28879.0363263953
5784.8981269750
22564.9674232240
-32296.4055050404
11566.4084013182
13172.8770168341
40042.5223704670
-19607.8134259536
39844.2007928735
26966.9674562641
22730.6944831783
15583.2913931673
-42258.0656268515
5164.5075674791
30445.8089133395
46008.2252485243
49631.7617605262
18748.0410330078
-22143.6595933883
14445.1125112912
5666.7938122424
-8838.1617554464
6593.3734933223
-8150.3598739288
19129.7300574097
-7535.8813033042
8833.0446363310
89681.7059377379
24838.1612115485
REAL 1662.0000000000
