28024307.3163827989
30154334.6383548329
13068911.8758247091
17971480.8339297676
-47743724.5484926035
-21391119.1562778693
11047181.9012780808
-7634970.3371814900
19561729.6003119238
25048295.7419479965
10915839.3673342630
13311374.5736685080
-6603555.6655383496
4592897.9769884930
20279804.2211879577
46845712.7336292441
-22945578.2392963711
25386952.7999325204
20381574.3875144228
-44569292.6888638755
-33882777.2890986137
15735697.2780582647
-4220727.6582152282
-27055096.4573771432
-25318504.5777324737
-5908821.0664310772
8625785.0220691344
92494603.4748314622
19550808.5194887340
-11663403.5083505970
84993478.3794333889
61202669.1483530835
-23930915.6985673935
10310543.1321879696
-56826575.3984890630
75235906.1238522883
10638087.0901495342
11135820.8536703375
-28023610.2053830413
17553228.1455047869
-20065075.4920430233
-1873626.7847989662
-32235749.1479053493
-46354629.6872467024
11287246.9689757229
7633332.0353791902
41963116.9264973278
20003665.3893871293
-16446163.5148298661
48243232.2268282159
15494013.7579221455
-16232299.6522628296
79206357.4012825231
15230382.4274585834
-25114725.2086179744
20526012.6673731103
19592285.7532418844
54010431.5666159161
15699350.2128477734
25310571.7051921574
52018085.8825557645
45976083.6837770595
25374266.0113040347
20335789.6020170251
-17122891.3520017875
-86984932.8278816754
-899505.6925265259
-47486968.0156798245
6641833.2171659487
-41422296.6000327867
-36264856.3330129426
-44595419.6251710076
56812209.4737475166
13218008.2174022853
-42057812.2472299881
-36733648.0329964916
-7342312.8951639232
25991282.0162509151
1387640.8781961481
8967428.3605333158
94173466.1890221417
-23780281.4117378760
-23934902.3801393604
72129186.9765772839
-11249979.3711417572
16777587.3294391973
-14387121.3994757703
1855972.3414789332
-38934858.4488061002
-25422357.3245061400
-45980118.2425205162
-44793583.9306658933
54611221.5366266705
15682173.5407617013
45808488.7402066175
20279271.7321461928
5510886.1427611627
-25651633.8430409209
35739363.8649067233
12586711.0179342929
REAL 1662.0000000000
