-1411.9306288453
-4826.2178191215
3561.4525174341
1841.3528195259
16151.1753348916
22353.3119689336
4892.7837081825
11660.5372258790
16217.6760524999
572.2044154490
2061.4423630514
-761.7284353570
10180.7802164901
5192.9243802528
435.3715691668
17645.6205353059
7584.8493505677
-4811.1878179486
12495.0972733538
-5366.6405034562
5166.2382214798
3030.5744119557
3556.3315479297
4745.8353860031
-3333.9407828941
-3257.6004134707
8913.3825103764
5953.9425060582
5572.4005486076
3022.2704585327
12340.4006689099
1917.2805538596
288.4832483565
-5068.4016640547
3390.2340755813
-886.5080091750
1716.9626087239
7142.4340371737
4638.7663975367
7330.6521121600
6264.2163572070
-5137.7840566664
7347.3336965712
4344.5950626037
-5393.3946247671
1625.6910944717
-8861.2460927425
7612.8586502499
10058.6554704801
6792.8105418137
-4851.6238114303
17088.1616130740
-4641.4213224938
12255.4617959747
-1267.6380989993
3028.6643612713
11411.5159730803
2048.5183184827
-5197.5063149355
6689.4976051023
-3968.5980608006
7250.5103435438
8908.7768321669
-3502.1962076952
1905.9708103675
17636.2158140910
3588.7011189723
14879.3907866160
1794.6304787129
10501.8506846414
-4517.2480543590
-4997.4043218559
-789.9766970910
-5534.0983124091
23427.2910521503
8964.3649041777
385.2701876667
3585.9344658477
2741.5538231054
7809.2439831861
12921.7897694818
924.1638512960
9432.6205363767
-4259.6425289781
1647.0258113791
7221.9335488468
374.2087887472
15159.9728354211
-1922.9717166582
12890.1829313790
9387.6741703406
-9944.1480974556
7542.9487773069
10.5820889233
-502.8812982623
14348.6136305947
-5884.9987327944
1403.4071881166
6894.6571665311
9781.5934009471
REAL 1662.0000000000
