709760.9814717272
255031.7706937498
214358.2035194859
-281430.4260215857
-335888.8680280276
78366.4142970029
336162.9808295070
177213.8000874004
837539.3179575922
-78862.2963184151
-126886.0026336249
826957.9736367803
-22558.2560471809
590978.7284912049
685392.5759221000
282359.8549724024
207731.0116257171
-232479.7356057087
515445.1241622895
-399601.7753565024
460462.0536327320
166054.0434627322
188270.9950946948
-126351.7590788958
372564.3643120330
527569.4815031189
164659.9863039092
279774.1329642580
73459.1052759139
-184035.5738986198
17368.6956225106
1906.6104839904
534462.8119740125
-101750.1114655337
164428.0944733816
-33104.8302801275
4081.9992902398
707107.9499088588
173016.3385772624
-17143.4532310730
579997.2742091008
603010.0754334426
15777.7334063621
566603.9224469792
768404.2121916976
-287121.4314989855
131268.1514397042
509127.7220505771
30343.7652737443
11095.3985499080
356509.9786750977
329132.1796814160
-15242.4589552749
7849.4388085899
371227.6217481700
134444.9550741028
383396.5201612381
136684.6489929773
269137.8559488969
732995.9547660170
-3232.6341106413
230345.3112714999
565620.5970335098
248510.6991797526
-36335.3658862958
815943.2826233740
469543.5030695676
168180.7665538227
155916.2277595495
441734.2815426306
-88307.9600097820
-113121.8902372382
-360628.2210108225
-191289.0096394632
533800.9302638968
362597.5424508977
-238751.4769387900
498290.4771655338
-30243.0348699321
121577.9417734112
-224554.1197261908
-353334.0028267949
53028.3774747174
-50511.0815972178
695342.3983227400
-36336.0942210183
30740.5920681743
399349.7637502235
258657.5747299135
36979.1272326471
429054.1872017760
222801.5986235826
712027.5886333838
-22195.1376943870
333753.8938558241
-7254.0866832876
213941.2853732478
109596.8483718342
245435.3821795599
146780.2419905143
REAL 1662.0000000000
