1.055974e+05
216034.0442787109
-85685.9059549469
67407.2401089178
-580.3371230804
73104.7313034484
98397.0503314076
-31887.4770416354
1437.3843947994
-107381.2671360189
-23354.8465835527
-69151.2313910383
-35118.2133625219
-1924.1984447444
-27604.8809697330
-115485.2905780883
-104677.6195998952
30515.3847481101
29721.3680386049
14953.0890734888
-61481.1255771589
66575.6997517993
-47159.3142830569
-116452.4695459166
54695.7307929935
-29294.5037191552
86233.9828264821
-44997.0150703668
-88998.9909260309
-30931.6249410469
5057.8398147320
-113378.2866524463
-24259.0180632549
-98662.3901205612
-26250.1591637484
58016.2896519626
35868.2120237984
-26354.9672572707
114480.9906800947
157244.7116231477
-105474.4351483479
128235.8257446173
111344.0311795514
12716.4886917311
-37513.4285898336
-65459.9347756388
4689.8226887308
77770.6813375024
42900.8652682222
-35001.0122069057
-41661.7724618834
45524.6718639577
-5245.6979650730
77063.0644993585
17361.0681128729
-119197.9692433092
125919.8993719830
18019.2638542500
17364.3880102599
69848.3652807945
-145416.3341437554
-38668.7325670985
7762.8048836554
78414.6255947903
16261.8611063936
29097.5616696143
16732.8392229016
171760.8971119780
114415.8595952729
-61651.8858515390
45348.4886678369
128179.7155709875
107818.3077959962
-65753.1318851607
93323.1507348361
-5716.9739131896
30155.9954321514
-70496.6767272545
31371.1764004181
-7715.1781289871
13679.4957321799
-69234.1311145037
-38278.8155742290
-32807.6653378612
-25282.1667767865
16127.8393236635
-71787.7973807589
-5878.7903522512
95281.1779789342
-15695.9873993151
17816.5594827975
42914.5246354333
-40408.5332661811
-30030.7901707055
32028.5056688736
132353.7277627770
-59955.9136607099
-32472.1393094807
90929.5344237390
93586.7274220857
68577.4290989956
106044.0611896182
9830.3155631430
74252.9374194363
-59432.9243880316
-56473.3097409633
-80894.5724481263
7401.5556537990
-28100.4280013003
-103483.0024128462
-9167.7290212396
-14689.2875743787
60276.5744912405
-53723.2095072725
-30462.1654613853
35202.4714902546
21547.2607750322
11258.5301919071
27991.5509893417
73634.2967367448
-44271.5400339159
36846.8037732932
-50051.4725893236
59239.8499118654
34425.1550323588
-1716.2738661022
62686.2058613227
-41042.1037864840
-22924.5930709236
-64378.0186620939
-33780.4897218406
157258.2656592567
-99552.8491539016
23834.9306801969
5442.9989894941
-41228.2122324347
-35065.7567249719
9657.8071348919
-41860.3378736005
23558.6031929380
9281.2492367057
-21475.6336070319
-33816.4600936299
-22106.5628844761
69162.5915849796
165332.5285880539
-45516.3020537582
-72654.2853222255
95479.8656685901
10341.5057360092
43574.1117070993
95272.8662179085
-39194.0149102332
-65322.2068429976
32007.7277324420
20181.2929213320
-71398.5925087093
12701.3652111025
-40499.4282691336
1971.6994279217
17429.5447660956
-139864.3299909500
72881.0545940193
71356.7124256378
6746.1361126769
-62564.7211578254
-50589.7261690936
43027.0587807455
-37368.2602949625
4811.0666360910
12775.7818189926
-50099.0400615254
52127.4035781199
-54078.5604025328
68365.5186613886
-4139.2393563080
38108.2394138397
27048.0191858315
35397.3614314319
613.5583434502
-27388.8059251230
-55027.3183169097
121165.5101802897
17396.1205622561
71782.6104836518
79892.7103833811
27278.8084904657
-105741.9195901895
-29492.2959628928
112543.1657467124
-20687.0274943773
24232.8183165264
-39437.1731574756
-92161.7714771186
-93796.3482148942
-15762.0675558195
-52013.4182792669
37936.5239686971
-90593.8688419247
-31575.8684367096
REAL 1662.0000000000
