-9.549436e+04
-2.069262e+04
-2.057317e+03
-5.917522e+04
-1.748240e+04
-5.686754e+04
5.226240e+04
1.175251e+04
-1.523167e+03
1.011975e+05
-4.976089e+04
-5.460059e+04
-5.679873e+04
8.543679e+04
9.392511e+03
-2.804511e+04
5.782831e+02
1.600506e+04
4.328362e+04
-4.136449e+03
6.386945e+04
4.842592e+04
-2.611629e+04
-7.536068e+04
-1.778769e+04
6.671581e+04
-3.224624e+04
-2.976469e+04
-1.440254e+05
6.693912e+04
3.290970e+04
-4.557948e+04
8.283363e+04
-6.066815e+04
-5.322205e+04
6.503030e+04
5.141247e+04
6.880991e+04
-4.326995e+04
-2.302315e+04
7.354493e+04
7.857371e+02
8.373714e+04
5.156677e+03
-1.998851e+03
1.261839e+05
-1.041293e+04
-9.528152e+04
1.256053e+05
-9.478617e+03
-3.215434e+04
8.337247e+04
-1.262666e+05
1.123666e+05
-3.211216e+04
-4.173364e+04
-2.586856e+03
-3.501178e+04
-5.155526e+03
5.716275e+03
-5.694917e+04
-2.855489e+03
-4.493241e+04
1.922569e+04
5.471344e+04
-2.863605e+04
3.231007e+02
1.105216e+04
2.537517e+04
6.286251e+04
-3.774182e+04
-6.722683e+03
6.536186e+04
9.201908e+04
-6.171853e+04
3.981090e+04
5.624504e+04
-2.813101e+04
7.276061e+04
-5.815836e+04
-8.167120e+04
9.925898e+04
2.475542e+04
6.949921e+03
8.423858e+04
-3.445930e+04
4.741534e+04
-1.380961e+04
-9.988766e+04
-8.618442e+04
-1.092328e+03
-4.624590e+03
5.420773e+04
-4.105801e+04
-6.392087e+04
-4.811504e+04
-6.560509e+04
-5.933140e+04
3.905935e+04
8.256663e+03
5.193710e+04
9.015811e+02
-1.044974e+05
1.840925e+05
-1.267749e+05
7.823817e+04
-1.111318e+04
9.689122e+04
-8.600971e+04
5.782780e+03
4.363057e+03
4.638330e+03
-1.817843e+04
-9.382046e+04
-1.371219e+05
1.170293e+05
6.301510e+04
6.927219e+04
5.117889e+03
-1.051148e+05
-8.860082e+04
-3.556392e+04
1.882486e+04
-6.162823e+04
-8.393689e+04
-9.362717e+04
-3.878142e+04
1.110533e+05
7.091072e+04
8.681445e+04
-4.743786e+04
2.886369e+04
5.613203e+04
8.264855e+03
-9.508978e+04
4.744847e+04
4.623475e+04
2.209051e+04
9.172348e+04
5.488098e+04
9.050612e+04
4.834133e+04
-2.158341e+04
-2.991949e+04
3.534995e+04
1.719967e+04
4.043247e+04
1.023884e+05
-7.611329e+04
-1.645445e+05
4.856969e+03
-4.786031e+04
1.712297e+04
-9.398745e+03
-3.068028e+04
-1.893430e+04
4.716213e+04
2.322153e+03
-2.669603e+04
-3.328951e+03
2.821878e+04
-3.972686e+04
2.071461e+04
-9.108980e+04
8.744702e+03
-2.683079e+03
-3.738370e+04
1.214703e+05
-6.983366e+04
-9.960231e+04
-3.096016e+04
-7.642182e+04
-4.919095e+04
-2.641539e+04
1.448835e+05
5.392605e+04
-6.387769e+04
-3.641883e+04
7.805797e+03
1.489781e+04
4.426584e+04
2.103333e+04
-8.458122e+04
1.868355e+04
-1.795192e+05
-5.112778e+04
1.165913e+05
7.035618e+04
-7.188582e+04
3.680209e+04
-1.843595e+05
8.298473e+04
-7.315227e+04
1.673225e+05
4.329627e+04
1.434450e+04
1.375035e+04
5.068297e+03
-5.696823e+04
-4.135722e+04
REAL 1.662000e+03
