-1.163404e+06
-1086559.0727581339
2914028.9984584077
652753.8894463164
1260950.3735685804
231308.9561528529
-2131724.5630862023
-166359.8209153243
-2446359.8911584642
-225303.7195548788
-1102479.5288217011
-699685.4477914770
-606165.7958660306
-181315.1355621973
-703259.6568552096
496329.2442694606
1252424.9680551957
673565.1030993634
-3497454.6019761363
-861187.4056036936
1106168.4451963475
293433.4428825548
1069942.7677987625
118236.0119725639
355904.0897218932
-1074790.3979150932
2889606.5065539942
-2317874.7377621026
646187.7876932898
1175807.0639096280
771873.7610715410
427548.3308032688
2366272.5272136224
-1220829.4185551233
1202302.8011268673
-1723866.9857938586
1468281.8225260471
-1592658.1112383785
333349.9352680816
795105.5388858624
-1066424.0659333841
385445.6396458809
155974.1727310927
-1217123.1832998292
-421448.2438203653
1551086.3454605756
184007.6610062819
-466648.4232873235
-2710765.9530882179
-1539540.4440913042
1674164.6797735691
-538238.0874766110
-2419097.1245067091
-1350499.8956682675
973951.1426322540
1166364.8781525270
295202.4861354681
1651011.8236342224
805487.3950501338
-198251.1428394077
1208014.8513420597
235160.5175781250
5492.3785670977
-811156.3631064525
2392928.3196997622
-353457.5299510861
908780.5953649928
-619361.3489819749
-98791.1565544707
-653779.8615602449
1493523.9186076584
319453.7711409475
140675.2992330573
-896036.2550587393
-209457.0060965599
231023.0079681797
-2337225.7538488909
-1355115.6835236177
1137077.2345979432
886650.3074877082
1133834.3221157233
35219.4132104189
-359336.8032497236
742565.2098319299
301860.1405294445
-161212.7253461000
-466340.1539826530
156092.7479086799
-278105.9400239341
-428060.9459950904
-1698548.1553085498
-741119.8429757007
457393.2396196041
938394.9064673446
-599421.1494694527
-1802333.4630267618
-1262615.6275896079
-527309.4967527730
-1127137.9502187299
-2759301.5469561090
716198.1846229772
1389830.5267856800
-1162178.1962374818
172164.0351034629
-199714.5755111501
576525.1745328132
-565767.4986171851
-1060277.2531919797
-524846.0026712296
-1671592.7456957877
-1191321.5358756671
1061630.3099633571
119131.1972860398
397546.7764276469
-910603.6675445149
539913.9029064925
825083.3708657662
1774971.1476600233
789197.1077222633
-1514558.3195051394
-397334.7974878498
-698843.7714273374
482322.2208610536
1414930.7035581239
726114.5140650463
-3647996.0001936660
69603.5426487902
800377.5362709212
207036.2483977788
58543.8682950042
-1287610.5792002408
404782.9068204743
-101483.3124224396
161057.5623535852
-581552.7857656788
226141.3214819697
-331811.1348989568
-2291087.1109305758
-1991284.9317537210
-48508.5508904334
945564.3441684777
284150.9520349784
181603.6529822681
-1627887.1948995721
307354.0287489957
688518.8968279610
-1337823.8175087483
596416.1948742586
535968.7134815187
-288009.1164169751
230857.7154500283
-504767.2842404066
-2753069.4444047676
200907.0081390440
397484.2052828580
-1990896.0689099979
-2380758.1766689000
-887447.4226072430
-1177602.7562723891
-1746406.0332736479
1578900.9329316479
-93957.9035384020
-1227410.4727914000
-681351.1769457846
-826604.0110408678
-1150989.6991039031
1760466.9838156962
-496186.1527714420
856165.7486912714
46429.8559895483
741464.0568077278
1528580.9573792035
1160321.8665225202
-743121.0237498304
-818267.0021428666
-222182.0097367643
168838.1458115423
201560.2354586987
-1836673.8931615383
460748.0566499961
-592891.5086757726
-1110995.0269797509
-409082.2315917511
-716152.3479137574
-831334.2551903711
901954.4161428170
-518032.0819520282
193691.3593902176
-1298957.5268947390
794735.4655540733
-250747.2249326292
-266384.5572072907
-525176.0740101050
-858699.4203428553
-133317.6450940044
-1328525.0125607958
-1441118.3405460546
-1280836.7601337620
356312.7005212488
1618954.1820532189
REAL 1662.0000000000
