2556.1647246561
2445.2819224728
2566.9087294842
4797.8005469606
-1574.4343927398
2023.4703919944
1335.1377047256
-1596.1733497680
1855.2842816416
3623.6139136399
1142.3332031637
1123.2419558259
893.3057402570
1250.8360165475
1582.2848130583
2497.0018649148
2383.7138639034
2110.0479472144
2426.4349304677
-159.3023453384
2227.5356017841
1337.9610292032
1623.1359912700
3762.6644579200
2188.4412341495
1352.7160602951
1590.4922961457
3732.8807242605
1325.2567780587
1638.6037192135
REAL 1775.0000000000
