14756.6832005324
11992.9136870060
35555.5948675267
31245.4214668520
10486.0775258484
10930.1475425931
5711.6193374283
15732.1339690333
21007.6774353851
6664.0758631171
12157.0781711960
11546.1060005091
9559.0632591350
8628.2244890578
7874.4655918511
11475.1651193581
18607.7141588792
17816.0296251415
14164.9476836571
14161.8847990678
23051.0367967281
9219.6849906115
9451.1135500206
3378.1644653251
12245.3985443607
8063.8698420936
5988.9126547530
10570.2358646633
7054.0196586897
17285.4181851160
REAL 8856.0000000000
