25260.4254858936
24986.3032921522
32190.7948492335
14444.9942304761
20215.5523987386
18044.6565587252
57762.7968486727
35649.9091107551
35891.7298390494
29600.5369487823
54627.6581995957
40097.8708818090
11551.6034601532
27270.6471275711
34192.3222445295
44469.2566531214
35816.1292420952
30944.6747914448
34791.0406850045
29958.2404939042
14165.5005808656
43398.1745224361
26933.6570530982
20555.5852856991
38332.4634168729
26888.0699483619
33109.3916566281
34006.0686799563
27815.6737445004
39579.1683860522
REAL 8856.0000000000
