-4834.3671887577
2199.2568553742
2101.2928486060
10479.5153137139
5252.0551230066
2805.3466328737
4836.9553997572
-1388.5663210420
-4669.7836448422
117.0481423804
388.4016831052
1201.1460915877
-2506.6677990236
6108.5535117896
4317.3496691446
4536.9101478073
-6432.6471313413
13239.8039030114
-9061.1009944022
724.6054484084
8031.4751233173
2487.3767076295
11760.5481615096
-2967.0276716333
-2848.5797198331
2344.1461688903
-887.0830405475
-5010.8350226060
-822.8197575739
7063.7949983665
REAL 273.0000000000
