14824.4892771418
10666.2077001449
10518.5351663375
3889.4273509857
18814.7409353484
8629.8977202828
4435.6064463832
16013.3000597108
7874.7836495647
8541.5523561345
9355.2980187127
19186.5059184073
10696.1708682145
7209.5037300163
10451.0723661277
4319.5977824242
6881.2871066158
7512.5517321205
4080.7751034490
11916.9911541177
10139.3792794090
10480.9409429125
10370.0058872790
17546.4993347334
14737.4144125242
6824.3020806284
6593.3102171912
6262.3005467783
8168.7015058606
11420.5797950632
REAL 8856.0000000000
