-45056.9321347610
-24990.4268974850
1339.4929038132
-9075.6074440066
-36316.5906850918
40308.7827084356
-5725.8383768914
-2059.1892364038
-7200.0835031956
14083.1794760587
9315.6425888978
-16403.7681059801
54773.6315913483
-6106.8212613397
-4893.8050478014
-28142.9499203412
34835.3530418035
-21022.2050604950
-12936.3945718472
24838.4107233784
-10631.2704455958
-8691.1749353881
-1770.8168868743
-456.5251418148
59.0017883269
-43329.3124060507
29875.9060137613
-3130.9902888454
27976.3535875227
7692.2928630705
REAL 1775.0000000000
