2040.5059119093
7657.2814647902
-5348.7733307540
6127.4267461018
-2293.7075141553
-2610.8379107462
4833.6672536343
4552.8299656954
2165.9437298861
-1794.1767156084
3576.0090619239
4283.7390501259
3550.6429796688
3937.3510461392
2985.1636263233
2071.6658172525
-7151.6184916177
5038.8987570205
6453.9078307349
-4521.2394028695
990.8307063243
-2521.7543716473
3498.9916140049
2160.2754629283
4207.8417688149
-5317.3437371062
1392.3606581024
1944.4526864091
-3921.3405384074
1318.9797287856
REAL 1775.0000000000
