413980.4876505609
290049.6856068632
385510.4313520662
299404.3251382373
383858.3633331882
354430.9305673864
288483.0049204990
404517.4517309471
414137.7756979052
381073.4584542470
295772.9137514412
339561.5631933695
184215.0171352241
1194522.4024533907
179058.6235285253
252342.7423958713
408771.4922738716
447498.1553596413
611428.3393041693
489177.1788663201
513978.3832216238
441774.0596007287
192047.3779206336
424021.4037948233
198251.7816791972
273689.6396040961
379845.1702093409
232950.7994003228
353956.3543529930
594674.1444677162
REAL 8856.0000000000
