22948.1506668962
9144.9992651574
17098.1224501086
1245.4310178970
11878.9533618840
4170.8447802841
19443.7184238395
14173.9608671919
13691.2928304065
10099.2521610400
19407.1893227882
8066.8013237094
8581.7459203507
7509.1274444155
15765.4853361949
14127.4677963600
11247.7651219290
7246.7430670141
54328.6438815025
1669.9086454910
30728.8843387905
3908.6927516498
17309.2709328636
6096.3513574347
38319.2405141457
6013.3607245202
26219.7524090779
5924.1667153992
23521.5371122101
9900.9710085580
19580.5506845564
1517.2076215330
27760.0254388884
10492.8191324485
16920.0945486688
1942.5328858160
21485.1006746120
3911.5120981874
36655.2374460038
20246.5740664009
14661.2524998679
18725.8709515342
21375.4290220965
6468.4646296900
16086.3797562655
10312.4132076220
18458.5162552638
1918.7637995656
13655.2998506485
13594.6484263966
37549.5898859568
4064.4504622688
18002.9572407667
5001.2504242371
17247.7924412560
16629.3565243198
13573.4879405863
13359.3669585232
14787.4035068004
4967.0809369941
REAL 8856.0000000000
