284.8805694727
207.8031716699
-1521.3906082698
200.1658700364
-574.3759482156
92.9724906050
2004.8977287065
445.4193118174
826.3759151714
325.7690513476
-2354.8981439559
139.1491659237
899.4959016316
246.8839757975
78.7392230208
102.0486378626
-427.2073865954
247.2941099547
-713.2323954150
182.4341005863
-109.6013424617
344.5427021702
12.8797546964
505.7856828443
921.2394746847
145.3532579346
1262.9298652569
430.0989366612
1292.3512780229
381.4919145531
-172.5722102319
11.8352685470
1349.8319607440
462.4640825074
498.3500598358
245.7944149253
311.0252964926
435.9436109047
1123.3339847236
389.9340214455
-1408.5414697138
203.7998779548
2121.6371842548
611.2823262594
458.2421568890
137.1069684047
417.0819288746
263.6960094028
1092.0134085826
346.8447925718
443.5323630467
148.5199165663
-401.8537032862
335.5190584899
-1102.1794297399
324.3003216706
2122.9242884105
219.6703482258
1648.1108082117
147.4674389949
REAL 273.0000000000
