2997.0065780111
821.6259292292
-5439.1227247982
1994.8573464686
-2153.8562688547
-1713.7057324339
-7428.9510977554
1273.9210088756
7441.0718771963
-1229.7295334415
-9328.5113050304
-628.5936231477
-3361.8302616963
1289.2565975873
-2012.3411727467
-1490.1387410309
4484.5761965163
440.6417811564
5142.0521136106
1264.8569956535
2877.7820588562
2495.7140952628
-3561.6421112617
-2410.2409939679
4754.8596107065
-942.8138442612
-2552.6198829926
-1112.3026573898
-7032.4790205388
-647.4325685456
2179.0997055932
-741.6047081684
-412.6960272112
-1172.3686616056
4082.2664193810
-798.9027631634
3239.3290014175
48.7500092919
-795.3817578389
1637.2005572643
-6543.4090710704
1104.0673116089
1300.1364063951
3513.3430717278
7785.2688195762
-102.2125835360
2681.5951055106
-1277.0933899991
791.1058201217
613.3257794938
5614.3586320387
-2198.5800145966
-2492.4895666036
1631.6260454687
-7044.0888889927
1110.0895396331
-1551.9416693840
-371.5582098445
-813.7432981901
2090.2891385471
REAL 273.0000000000
