-9735.7492327691
584.2047055042
13220.1861008977
-3697.9381054579
-41549.0334802025
1596.9104843979
-22680.6815454209
20221.0385506876
5487.5807775963
11342.6881757733
4260.5440172819
-3617.7509577223
-15051.9611619556
6900.9057440083
50078.4059217950
5695.9364472345
12307.3568400526
6434.9994235900
15002.3038767377
9827.4045579146
3709.7176832332
3947.4327513060
-2204.7994355197
3395.2015638614
5207.6424887388
-6348.8701836236
12520.7474989262
-4426.2101241569
-22581.1253547916
6947.1066850632
31708.7071386432
2176.9088694046
6326.9000257291
-3254.8148754120
-30551.6112966819
176.6856765599
-7192.8906243737
4454.4374496371
-43483.9560340631
-4440.3052136183
2913.6796750305
-896.7356937432
-26195.8517470200
-863.4964871815
16685.4830373353
-9038.0838763295
-21449.7680278502
26989.0408934107
4286.5582433147
-2586.7139782247
6085.8197704411
-5368.9779406021
-7709.2494324985
-8949.2729983048
7662.2413279929
5570.0365889239
9782.3782950995
14346.3341815451
22819.1574935599
6953.3489955303
REAL 273.0000000000
