230342.9448565302
35701.0403499890
306077.2445029597
5377.6055982019
204125.7068117015
-32685.1384770442
272238.8876831623
-6346.1331014594
247388.0587809904
-15528.6641510724
256067.4034259734
-36767.4217844118
321225.4118236594
-34127.1681029444
302564.4659679581
-18528.0678172744
297584.7747074117
-25358.6757509466
445048.9331788833
-32824.2861541744
579663.0843310165
-44566.2696966555
203469.7806380377
-30436.9007664026
205878.3413689806
-28291.3572111679
501360.3087094284
1988.3620194484
554577.3221642564
-19320.9420357413
304555.0193041124
-23850.3315160638
296167.9378618276
-42687.4432079703
254347.4370368193
-15555.8894873924
345219.4390813483
-28464.0975947223
279239.1982951430
41819.5279792453
359042.6851308212
31351.1241819437
248345.8654394113
-35143.6127973378
172769.6923271623
-34648.5340960992
345562.8739153116
-34497.2468148746
330348.4415334512
-31804.4278701875
209510.3672150304
33479.7542385401
778771.1864614670
-14378.2305883259
236694.4530830681
-47772.6460084087
297979.5156517767
-43881.4272854857
900958.1767405539
-11233.8057194437
REAL 8856.0000000000
