2433.0818561405
5609.5511905408
6785.2261848383
5031.4365839691
3986.5530670298
5873.4025592931
10136.5332176188
5043.6993534009
8142.5170281477
5745.4612286634
-15576.6777894694
5168.3014869975
3222.4100751916
8089.4239418122
8600.4144483420
4733.3484997093
4620.0756126673
5523.5603848778
3177.6950118938
6363.7417204100
9513.6606839119
6261.4265857583
2656.6906318179
10774.8350161715
368.3702040382
6219.1593817438
-1399.3558462696
4204.6581197876
9230.1516024134
8139.5611453023
4421.1400510579
6745.4325944656
5067.9282796197
9020.4583410314
582.0603404575
7159.3612830677
886.7197013470
3254.4093351738
8053.9132155283
5630.7988341976
-196.3446248896
7098.2140278455
4548.8663596605
10141.1057542578
623.1967337412
6123.1459618276
-608.6975131551
5572.6142257222
-2566.0268527285
4800.9309912573
576.1882368903
6670.1587403828
1699.8737602790
7904.8567821623
-1130.9076650800
6662.8147385140
7644.2828382514
5820.8309040823
-1541.7497864500
4629.9600150408
REAL 1775.0000000000
