51241.9746841527
-2336.8334357717
54847.7857711902
26640.0747237573
68135.3346606431
4150.5407761610
57798.5393744623
12807.9767244752
36257.5503334013
-3938.8714726318
45696.1579707147
1190.9404283091
50713.9203578957
-2818.7906903395
40174.5349915947
1821.7012925263
56902.6183634765
4649.4791930847
72972.2149777514
8354.9682217277
50089.8518118092
-2697.8897008948
68512.3473880381
-3550.8796104974
53826.8239311948
-5186.8035014914
82859.2538879270
-32.1705261000
59693.2327799247
6610.8022388420
65567.5826224349
5908.7812814803
94963.6398466963
-3520.3381393900
72192.8194985833
7721.8960311171
34419.9150247068
-3670.3133382277
91392.6625708254
-1338.4702571492
40291.4775958051
2143.7375267821
41941.2717633597
9688.9557320215
74697.7447786765
1005.4189677233
66986.5652766818
-6601.6383482980
48396.2858278092
3983.1052556609
56680.7785266093
608.8322147122
49763.4799930483
4001.8455850270
50171.5447359196
232.6385097350
25185.3687523174
-3877.7502426567
86761.7916266293
4264.4651002342
REAL 8856.0000000000
