1340.8097109654
-307.9702211264
-1411.4048090963
20.5960956686
-988.1769478571
670.1458569342
4307.7587071223
667.8535973140
3308.1955037384
472.3275081342
1043.8281721495
-164.2195044686
1008.4955162044
485.5151264949
-72.7263845775
-255.2157945560
505.5081570371
565.5741142531
-2970.7229559399
182.4472667945
1077.8041517896
599.7799790605
-362.8081960846
472.9036419744
690.1411569755
416.0405538795
-3685.5316421384
123.9262327217
562.2004675256
879.6696167015
1685.0396893596
-256.6769084510
842.3661618337
-247.7550194874
-1091.6312469428
-230.7942466713
915.8684089862
-180.9700678790
5074.6593780843
246.2655306383
-558.7910944260
-122.9962083665
498.4737899827
35.5230006109
3724.7497780448
-462.8901546002
-2002.7556353169
201.3359854976
213.7138538988
981.8954189302
-2269.8586282750
-20.8361535901
-1103.9685981379
471.2741084245
-325.1159532240
-439.4260743940
3933.1368559094
-77.7365627170
267.3253540381
-231.1332945845
REAL 273.0000000000
