-9282.0656901375
19764.2747277793
11619.8260803275
20054.3786647636
-8098.1557114738
8073.0645710462
10350.3887196293
26085.6511508434
21770.3232060620
11726.3664188132
9632.4966147708
21004.9693822748
3562.5438792678
30243.7848712143
445.5045365814
18938.0543871807
-8594.7075204262
21959.7677372450
14610.0318376029
19484.9734706227
-36225.0539753272
18297.8850010694
-3987.9232975186
17330.0829076198
-6407.1405061063
14417.5401563039
471.5351141154
24396.5403556395
6613.9126764873
30096.3180772117
-7534.7843960153
18028.2824834010
23114.0600837597
3534.3443987220
13419.4141530604
18803.2978996087
8707.8717856232
20320.1756310814
5052.4451270560
19317.3511339258
21428.3592628948
19445.5514488105
13031.9174567586
14125.0547419175
-721.9064503068
16521.7394399697
-1901.0684553178
25471.3164723978
7302.2578387879
21443.0383211138
15992.6951386639
26232.6458153613
9827.8790146608
9988.1096635936
9755.5310812114
19888.0985858015
15095.8283767541
12312.9589299941
2984.8789239390
20544.1467499516
REAL 1775.0000000000
