-68696.4489035837
62898.4448649583
92613.7521068077
224246.0145069747
33936.8802785902
160359.0218009720
29068.4740118820
105907.8654167158
15668.1051524576
33629.4065068254
170638.7684536029
202201.9748499213
154230.0992958830
65551.1545794899
-11075.1795465449
107005.7053004679
14262.8810360331
35257.0967437570
49868.0769808730
66367.7585886117
73452.9546970259
166866.1517918736
-11407.1096123856
40146.9829087279
-4985.6128710354
21391.5337753500
-173576.3593752561
34098.9396683837
30123.6937057039
62100.7878205546
-22857.9598141152
120151.8359732027
-19905.4664299286
204786.5490430619
-130825.8841591353
160198.2837895105
-9076.3200095302
205241.7215295508
10402.7851674932
27827.1622518179
27157.2636136282
200054.4152510695
309813.7014820590
147202.9292312214
15603.8953430663
109083.4378941898
-146663.6086688786
39716.6065048421
-15077.9680270539
123847.1126650685
52777.1671843731
206584.2549977166
153855.5769229692
123078.3530250313
170057.0890550332
92427.2511597566
111693.3594423765
131256.8099248847
55938.5420153306
-22262.0234831200
REAL 1775.0000000000
