3687441.1405959724
-234760.0285494560
3703325.0002545834
750871.6742193742
4575272.0121667098
283686.0682221888
3775578.7911736939
540337.4923091872
4325841.4036083005
17945.1982270018
4429452.4564296488
-34860.7644949020
7183484.6961022139
-670879.3746465122
5661513.6530658227
110625.7126724678
3719597.2576049332
-269309.0750225933
4904809.6972635521
-593639.7197007621
3784357.6984685978
-330804.2174202818
3863402.2807985003
-161891.9468663622
6111021.1277756337
-741474.4400374934
2896044.3543135004
-392161.8134657244
3143832.2421107480
-299685.2769921614
3478424.4409527938
139752.6550534562
3914562.7414377120
911600.4530332645
4934914.7151234522
-350016.2172337199
3242044.7100320289
576292.4169744115
3555464.9332699032
-424756.3174204962
3735116.4177950560
-277992.9863693820
4690008.2051144464
-407236.8691642494
4174261.9281910274
254151.6329592356
3342499.2684246663
-196038.7195376363
4536492.4472409752
14169.7535791860
4537725.5220904666
287368.1578791471
3744541.7809097106
-243732.6707111052
5691100.4182326674
-406411.7789330274
4543277.9394940609
-311115.3273122075
4165117.5091853919
115273.6936485568
REAL 8856.0000000000
