4021.7335304756
3183.3055035836
202.3665161068
4086.4761246305
-4366.8418796225
2790.0952925025
2776.5155310894
2969.3267362984
2211.4945427813
3550.8271008889
1080.0693545511
2499.6857671343
1646.9353737695
1963.0241905214
3450.1701775654
3105.0922381215
3662.6159976436
3007.9298630653
3515.3206232377
3137.3368429267
1634.5991312738
2571.8485897487
895.9364645155
2974.4658703043
5532.3120812053
2983.6682890452
541.9268583534
2846.8030720715
4855.7756075453
2973.5499106525
4160.5511496959
3149.9268831748
6314.4767747270
3245.0010167605
4733.2304592409
2630.3229701061
1620.3273476698
3888.1133394235
1795.8713216151
2669.4883381236
2064.4967505238
1682.6234520265
1669.0663104989
2804.2634599618
2385.1608924377
2706.0597163649
2561.9413198842
3201.7981624727
3005.3967275069
3108.4552085627
2408.2951453422
3639.5639183564
4595.3770062340
2799.1226181956
4517.6402256540
2630.5711878342
57.4622753154
4373.1497561321
2021.5080845889
3132.4368561351
REAL 1775.0000000000
