41153028961723.0177841187
39451900057094.0568351746
43529430238914.7306175232
37761987512760.3704147339
36939153461797.7760810852
41109373286740.5078773499
40490135998636.2733879089
39569902867385.9978599548
41330096050166.0430679321
41120811242047.2214660645
40112379108068.2131118774
39608182461715.3130302429
40847343769621.6385192871
41357317344596.1210479736
39823618555914.1117820740
38899906494226.9201889038
41679928481696.0263824463
38853295419117.9593696594
39102391634317.7868804932
40025648834464.3024559021
39030095345507.3361854553
40064379084963.4948234558
37860047552195.2483482361
40574905220548.6295356750
40078000929434.9967918396
40551213219112.4495353699
39082389132350.6504898071
41332529803236.7564010620
40982213946001.7672576904
40347852905841.9971733093
40701480292438.8879394531
40048098696064.2128562927
40044647306974.1279182434
39060833672079.7382583618
39610274731058.6005516052
42059642392778.7235832214
39902656176691.5661811829
40045528171162.3956718445
39418681766620.7925949097
42435827334905.2871246338
40573006588590.7368049622
40201480095635.8024749756
41387875798699.1329421997
39854067151207.9323577881
36242142772504.6081275940
39260397030517.0675659180
41128521294599.4690017700
40158220321697.8265571594
40105958090540.4074821472
39981805036457.0519561768
39101276224361.3788108826
38181989329379.9503021240
40332168306686.4944839478
38418697565819.7053985596
39655492421490.1723556519
39134932046232.6208801270
39615627804856.5155601501
39960607785293.8127670288
39314758912128.4578056335
39100322331298.2042617798
REAL 40064773699570.0000000000
