29100968228.8914054111
30168437722.5704771243
29775295679.2442333326
31043507764.0795912743
28902128469.4259870145
29472225508.3802406546
28208010391.9127149843
28341410437.6589552555
29726065336.5296903681
28867193271.3518864308
28484337777.5840481035
28299626307.2970939465
29586473821.4521879964
28867273446.7394329812
29576293279.2152045313
28741957680.3449647445
29023875728.4717675354
27960284306.0423394516
28774902245.3546445221
28770359768.3699696772
29018547497.4809936211
27548333577.1449602097
30515317582.1223359853
28958907016.2559198271
27686816558.4638329614
27992006104.5156816915
29715696804.3343933579
30258000807.5738445595
28431144959.3278755695
28318950954.7176665384
30042087837.6257402450
27059147260.6845875382
29709249518.0998564344
29686107942.8074490279
29256250296.3297855202
27748968103.8278644793
29842853748.9374781996
28617948141.2257380430
29917396748.9603636879
30514473748.0635996964
31203826824.6121318955
29480338231.8375007156
28975844408.7658263668
31633214696.5923098307
27782094276.9936867021
29243553988.5309796017
31833465005.8731256537
30168405488.8255221136
28529493955.1557000987
27274315142.4051733632
30045042303.6459288467
28005193095.1557002496
29052594811.2588066403
29264492351.1986813731
29985966654.0196746942
28235712037.2043734286
30702337367.7488899473
29631143849.6985036954
28005153268.9246566743
29772535981.8943260033
REAL 29258248896.0000000000
