17481542.5750859491
17661936.9345056801
16973433.3698217035
16726629.7566517578
15921207.8371186960
16032177.6628328020
17019287.6475782971
19121856.8425200884
18337896.4806094704
16866294.3232038120
17396110.9467542960
15945092.3324499720
17721603.8156285256
18801524.7992832661
16967654.9204254026
15334611.3260050613
17951756.4022992795
18109819.0941548823
18066304.5787102718
18237286.8207021373
16735648.3216255595
17873096.6295542561
17380149.8478660859
14587658.3672715653
18686504.0431170318
15716256.9741087834
16462414.2006408147
16339829.3622327473
17319552.0837775932
16765385.5346846017
17152558.8450339716
16535045.4536348969
17262000.6812973026
17691391.1327423447
17872437.6042987298
15960739.9949966324
16899607.2925876528
17551981.5308820935
17729195.4123450031
18227943.4147511939
17157106.7051185752
17013913.6388046743
17094513.1687105627
18547506.3055728669
15441103.4745854861
16717759.9849561342
18044419.1804006081
17523910.3059208938
16125241.8847853837
17302968.4345594842
16972524.0276657617
16784873.2483841064
18944013.4345873963
17177376.4108482183
19496897.3258997770
19372403.6789607159
16699806.3267506810
18775741.6904050443
18070062.7151375588
18301072.0767464464
REAL 17435622.0000000000
