17480444.4527695855
17270919.4563923064
17470969.2477928431
17476334.9219211088
17178194.5668315554
17298068.8829660975
17449201.0718185015
17182243.8619820581
17442970.3111680284
17327424.5677950170
17367557.5069463622
17327617.9852969180
17387541.1982730186
17451809.8606273952
17604920.9111424346
17384667.9770556769
17403589.6251176903
17569710.6808769991
17393916.4063442999
17445701.5557656523
17257564.4728975828
17352645.7591948956
17261584.4692808676
17345150.9577546029
17299924.3319119199
17617716.5824602175
17457281.7282446799
17468058.7452414138
17359811.3164233178
17363231.0673092443
REAL 17435622.0000000000
