38425293416060.8745422363
39370754673514.0428619385
39603039809291.3585319519
39704590842173.4943962097
38002449545961.8932113647
39823342007452.7291908264
41659006903138.7207908630
40909836296934.8024902344
41346222559620.3864440918
39203882949891.3066482544
37957680990863.4764556885
41303937083150.2397651672
40246305780433.3277435303
40903202469491.1802711487
39269697468359.9798927307
39130515296911.1024208069
41942767111022.7810249329
38921318175390.7063217163
40777978175937.6176109314
39650902643215.7691764832
40820902240440.6011047363
40024472839022.4371566772
39781690095895.7104148865
41016238178022.0872612000
40786817241357.5933723450
37885721657439.2715225220
39182073620643.0896644592
40189668803275.1151809692
38242314009358.9304122925
40425350236891.7268218994
REAL 40064773699570.0000000000
