17908669.4726639317
17389491.1839752514
17233570.2097594664
17672235.4709133118
17029430.8008188359
17461997.0783112976
16569237.6224301436
17501146.0766325667
16977876.9822564335
18025296.3345937722
17428829.1246234471
17167212.3138518402
17579312.3758197660
17710324.0987800198
17547161.8633021283
17602436.2060860459
16695537.5594343771
17915584.8715842436
17098111.8890450305
17447146.7394511854
17360713.7487896056
17209143.4867688082
17118641.3499841145
17573558.2244521425
17493154.5108532586
18088212.7534368767
17656043.7972410602
17765445.7748758458
17976873.1530642422
17404712.7774174346
17183238.7730408997
17795816.4156444260
17238183.7157834956
17218259.7957447580
17543947.0246441919
17434826.9375011357
17575055.9091541083
17399343.1289990892
16968363.0197829616
17044624.7749358540
17557801.4502234030
17649265.1156157772
17504832.7247241860
17177087.3658209933
17316709.1193963912
17447435.2789363622
17828804.1688687252
17485406.2759158094
17005786.3442302692
17256031.3671918778
17388234.3356445089
17475067.5324455248
17130259.9481367785
17621510.8162854429
17829424.6305617236
17598887.5361317368
17530951.4766199414
17661176.7112184710
17946285.8231702397
17122995.8031821360
REAL 17435622.0000000000
