39665816351887.2722053528
38957811084404.8678970337
37998935587109.1093482971
40188801464426.6391868591
39517182175957.5176887512
38060499858399.4283180237
40810430371680.7055892944
40685914514152.9563865662
38702161551155.5368194580
39627249634052.2688064575
42147638896824.1468658447
40688107856692.7577896118
38775035758005.9929313660
42166203405004.4010543823
39828103913848.1143989563
41135074238691.5534095764
40431578318616.8533439636
41496000802116.1133651733
40599442767860.1823234558
40003559154320.2562713623
40198251109638.5735969543
38107296494910.4828720093
38766898258324.1213760376
40593195873174.6239128113
39544493876427.0425720215
40336092299790.0412788391
38518868333565.9317741394
39199965472898.9395637512
39062853547711.6748428345
39205714386023.8490600586
REAL 40064773699570.0000000000
