32293507739.7015367802
31432600008.4747031573
28474109609.7018323820
30251957283.3038258832
30197370634.0194108076
31014512957.1388024781
28689800546.1898226161
31653931983.9608222693
32217385231.8026652671
31147639446.5274039414
30386670718.8830255326
36333454136.2877024747
27610268451.5289439000
23945790053.9642745052
26446000321.2370595485
29380979049.1850973256
27622961499.9755839799
30279576225.9528983980
26387619577.7981596123
27929125407.3421246111
27985590900.7821760811
30153714319.6301986240
29704351940.9621408526
26799287378.8030336518
28385163130.2525652051
26154908826.6561795603
32398156786.7581082750
29572474343.6304647438
32295727452.9798640981
33350590952.6261713225
27377713978.2818505093
35974105664.4432559013
27751602760.9042683318
26402080811.1256261431
28222815159.6556416973
28620059193.3414127082
25496911725.8585499562
27492892753.4041247927
28522559589.7541156784
26442902290.2143406533
30777714035.0774811879
27734386549.2848922610
30349791090.8262529578
30216838959.5424956642
29908304393.9223898984
26781950590.4312789943
29689530409.8371261582
30640401834.0559503585
30996173565.1776662562
29074889788.7083074749
29299759979.7413165402
31070306835.7871723305
28433013474.0617216472
29123308660.9118346963
28833448808.6054076981
29646848418.7400506791
29149777437.5520339441
29194869798.8085517418
29625438498.8843742684
33579201988.4892069083
REAL 29258248896.0000000000
