29693177361.2635511328
29873179971.4471021220
29630998380.9623131528
28630296898.7885748036
29843564228.9806493446
29909002734.3854501825
30200355808.1464581825
28041610793.8976092730
28124924857.2583326325
29380972510.6337783039
28627440793.2233111896
29157226279.2509926986
29721559471.5340142138
29623322146.5978103094
29990124213.2612491306
28711335470.0773412269
28586421302.7615378425
29246196452.6660706270
28692542197.7756315377
29349384817.2349795252
28727834632.6765959151
27506007514.9863959029
29428877223.4733058214
29613637826.1344459839
31594415351.0869828518
30060382234.0661118738
30197266329.8541176915
29771030674.5653841272
31048252602.5985998753
29282335621.2368861139
27531035929.2473768648
28889177744.5982315764
30132854059.4594853856
31207962851.5674760640
29542479908.8964495640
30294981639.0539524369
28925314415.6635909826
29381687765.2812164146
30370660741.9964025766
29112750902.8123124130
28493301051.6737704165
29802256906.3380973078
28404510600.0679602753
28675474264.7927651145
28742682999.6291465815
28732018108.1717954483
28830585311.9703809656
28669529893.7933412958
28743046687.0071385819
29589290709.8243333902
30848185878.6926776711
30537811643.9782525282
28560066225.7082524095
27932775588.4152762145
30029564238.4928462207
29432828931.0666730758
28551732472.3968731463
28072479547.1644680016
29921657902.7640008833
30307453352.7582546882
REAL 29258248896.0000000000
