17155702.5976957312
17504263.5383105766
17321273.8855894940
17693489.8094580270
17300781.7064754245
17713261.5223188808
17315518.4066540999
17293236.9567388464
17520519.2209590641
17466272.9643644534
17430379.0369757290
17371219.6496382228
17948726.1533480030
17242603.6051589563
17877008.7365645977
17236591.7414332239
17242681.3360461633
17737782.0873030018
17372289.6925001522
17658596.5571816876
17336895.5336148025
17687029.3049128682
17327254.2083575825
17538341.6788583468
17926979.8356250571
17434792.7609937054
17533999.2578395280
17136120.7528188800
17667419.5987605765
17710890.5720623789
REAL 17435622.0000000000
