29601742783.2166751921
29127815825.1072146315
29973856660.1084519848
30813206826.2894581929
28054250673.1625572145
29411433494.8229003157
29625337856.4699109029
28763619309.4310380835
27964473757.5178428479
31019862225.8078180011
28762452798.8564213347
29203727280.1102297921
28752955583.3230630793
29063069051.9529505633
29099038978.8587903325
28874491870.6815386768
30476176020.8840414286
30209647003.1811921038
29589428267.7980410606
29923631016.4349546861
28036277076.5622401964
28988063241.1227880754
30802811733.8591415975
30599988752.8590848930
30414145292.5987695046
29810333840.3012100067
29314484546.9203321692
28786831453.5886707511
28830152104.8823954687
29820857018.3121214770
REAL 29258248896.0000000000
