29117326623.3627884537
29090173016.4582931548
28773698248.5799717158
29325424295.3654841091
28896573269.1769968048
29085083928.9845812358
28726416583.5893920325
29342924885.8240033612
28008083690.0153047070
29685020423.0315313004
29204613215.6520519163
28934529426.0487298500
29026840369.9699014798
29051264898.2139189467
28414591706.9935494419
29091446682.2913490254
29323863126.7039847821
30529232116.6046033818
29719651099.6222778391
29645573295.6563460678
28752104911.4303811546
30108297286.4848281350
29945346191.7904911414
29470211326.8180411719
28276375769.8788742051
29114542051.5952187311
28172457564.8814349826
28808051021.6494476181
29075343426.0672502499
29599419907.8820876162
29245766649.9444876127
28164704555.1498460323
29616383874.2485938072
29814749161.1234376039
28829805510.8825979587
29484354674.4628604613
29658014708.0765818749
29800540507.9034837168
29379021611.8304688651
28729648348.2447901741
30668536985.1033231448
29823707062.5276955664
29793332049.7164613232
29546498442.7350139376
30302558662.1598982029
29084501256.8262998126
27705652422.1114833653
29411645506.8480024990
29018824091.2995523997
28462886771.5529371165
29382272413.3484588526
29220692366.1339434721
28995589863.3611800149
29294197987.2656462509
28711186658.5471414048
29944558349.0159074329
29479776654.7417873126
28170672726.8940515537
28093109755.6417971849
28762042350.9089219403
REAL 29258248896.0000000000
