28041154042.0306943711
28102441320.1025590766
27186916131.0269549992
28696336688.0861664973
28251489150.6627643127
29265295039.3181826510
29021444143.1916300301
30573250805.2703617066
28998686955.2015445866
29911388696.4054221865
28928602910.4043508302
29213136537.5748774167
29021548950.6173341107
29734504342.4708706923
29081803704.9351266325
28745865548.2798435334
28719418533.7052614689
30259975491.2728298884
29335826641.5592507888
28860137387.2778332215
30039062243.3072556965
28153232744.7187531292
30471208854.9678169899
29404843928.0279495548
29251599547.6175746042
27975819341.2580902874
29801693606.4348565470
28944437947.8463799246
30314662838.6724303160
29633201887.9781072754
REAL 29258248896.0000000000
