42435868398878.1004409790
39728576906524.3452606201
38923095333512.7023620605
40289169125977.4772338867
39358691045183.9937629700
39102463938428.1644287109
37879598616632.4848213196
39198838122722.8584289551
41624700410384.3635253906
42302514313818.8950004578
36561719611541.0503349304
41256388087217.5241813660
41627734034336.1341133118
39508390272674.9454689026
37965565063410.8554153442
38357708851766.5998992920
39106474176643.3953247070
38749264723026.8324470520
38893149103314.3864212036
40652075398350.2311935425
37295790112091.5562553406
41513030987428.5473022461
39690287608825.8694152832
39772568062643.6026229858
42567975964761.2900314331
41237976039164.6309776306
44565070292024.3900337219
41695256510459.5307617188
41142624821328.0851821899
41082719549787.5828552246
42617010554773.8857460022
37960061677226.2895050049
40919444902582.7200965881
40764429902455.0517539978
42334808771257.5842323303
38003958486514.0254135132
36668174239540.9759902954
40424995290749.0182266235
40440013594220.1255989075
36693992926813.9302482605
41589094522755.0694847107
41878980665473.7112655640
38114857524023.5091934204
37540268225017.7492523193
39273606512901.0722389221
41673030173077.5749511719
36645039314436.9364280701
40377663799962.6357498169
43344841270192.1728935242
37464116632052.3915710449
42448353462674.8233985901
38368375189620.9942283630
41089944019309.8197631836
39066996601025.1744079590
34933940944231.6284255981
38939404209793.8848915100
38631496111312.5214576721
40008832055675.7772636414
45256507011737.6807899475
40407725912527.7184753418
REAL 40064773699570.0000000000
