17883890.1014691345
17526463.2355393935
17287333.2717630833
17474269.2722961282
16596644.7446058104
16738688.6086706292
17576235.4851790810
16871382.5665527144
18613037.6270873754
17578522.1696083412
17707253.5608188405
17507003.1778370971
18097691.0723484904
17716548.3472066384
16713456.4323351748
17970484.4681809479
16981100.2139595741
17075916.1901424918
17181471.0526494556
16994569.9556107995
17501433.6732930068
17402670.5874487184
17548903.5174973245
17611632.5827469910
17284011.9731021444
17121432.6527183774
17038061.2037876574
17306746.7634911796
17642848.8464580603
16944183.9399816600
16664500.3286654462
17419398.9570054143
17218495.3870200035
17301745.1286778797
17166704.3551117017
16686083.8227207037
17397421.0289263025
18016089.3936554229
18506500.0976326836
17300984.4046407338
17455562.6405128641
17775173.1551024495
17313164.3749683001
17313778.3300796721
17290642.7158361206
17434728.3288484754
18270768.5873030884
17267524.9877528335
17429922.8289392374
17812299.3428002807
18445588.3177654308
17218621.0820545280
17128441.9024760467
17232503.2866309109
17316740.8365362863
18092702.6121651065
16559578.1376688676
17602694.8721599974
17419633.4651791626
16484602.1914932096
REAL 17435622.0000000000
