29621103917.6631545089
28547004543.4416831844
28464168964.1573560946
28802054624.0510720685
29465672771.2484887391
29176195493.4617501292
29061723614.4395639636
29331376402.3445121627
28945889927.2923947424
29173482790.9442848526
28940511947.7196430769
29926698256.5456021037
29562412108.0333766639
29003460291.8421710785
29475747259.0573211610
29810071113.2005706262
29392812240.5088730566
28991510048.7318321411
29455490499.1093668658
29226404967.8973352518
28894264039.7992479634
29362872547.6794219203
29072674640.3105494678
29281893398.7177179996
29436693166.5697009191
28659114624.9077088758
28916765551.2139023412
28695105791.1879109442
29281155140.7850641664
30011919979.2273646723
REAL 29258248896.0000000000
