41178499294024.5664176941
39913857939391.4000244141
39172745102267.4567680359
40601581540089.9744644165
41661864447983.9003791809
38064702372544.2863273621
40390095056502.4455032349
40652227265657.5466537476
41383417251843.5937614441
37850695230381.7750129700
41344114130433.8444213867
39727244197207.8155517578
37341618306423.4134597778
41911661706229.7886466980
40803846758066.0190887451
39619696759848.4767913818
39672537050570.1748046875
40888061466264.6006050110
39551108917991.2467994690
40172195759516.0873603821
39430974891881.0768165588
39105523709904.9601745605
40554807998286.1618041992
38491141643213.3816223145
38840209731513.8831825256
41911455521115.1529502869
41051112122311.9646034241
41616642829413.4722595215
44130133844188.9221878052
41011096341034.7196388245
42493440874742.5657348633
40844506479164.7503089905
40766866083992.2617073059
38615549362042.6055297852
42223529181171.4445343018
38084804441838.7195625305
37748583015201.4805259705
41761056581876.9606857300
37969713798829.2183036804
37078181832968.0759010315
37796067699910.8104400635
40964635218881.9357185364
35387887291719.7546882629
40717877824640.5925827026
40573163205907.7192039490
39684600523359.5190773010
40791828369459.6840820312
38932741579385.5499153137
39012672936346.7553901672
38939624835866.5104751587
41057291560841.9948081970
40006948635221.9780769348
38922967913356.9253158569
43389391358061.5252532959
38032753645632.3238792419
39243315577730.1964950562
37119320238333.1383323669
41332662881713.3568534851
40913000687555.3713340759
42240612997788.4276428223
REAL 40064773699570.0000000000
