17341927.5501143603
17657546.5832357938
17715824.9625352018
17543046.4999478853
17845896.7760092916
17371355.7280318519
17227059.0648301054
17184103.0388481222
17085564.5196398368
17147913.1284259887
17736792.0431863798
17647519.2999765783
17816866.7611257872
17141805.3666855681
17184854.0241941995
17472259.9273290782
17485012.3505294288
17161684.9454064827
17409609.6363736408
17347025.0496557666
16956922.0005775039
17774357.2170349171
17323837.9830042131
17438604.9894382732
17829164.9972447513
17732006.1821026950
17478946.9963792348
17306683.1779049361
17606982.7846304327
17133167.8215245958
17363333.8145447966
17503436.6657797092
17334119.2154633787
17310868.0290410837
16748549.8782605722
17431173.2073771526
17797792.1808436162
17231712.9550157131
17643061.1404524883
17350892.5774445413
17246817.0522246446
17152804.7525692474
17477411.8307109790
17443212.3033963741
17291213.5660760653
17562109.0197627188
17208259.1001558447
17493948.3026281805
17462320.7256082710
17349336.3668814231
17996932.2220729651
17685930.5888395497
17464288.5154755079
17189914.6647535475
17425359.1249458547
17793698.6135908723
17751655.6370418549
17738235.4345780415
17923727.9089661494
17632046.2159946203
REAL 17435622.0000000000
