39943414723851.4995880127
40478677365680.1956329346
40540029262381.7658843994
41780710093585.8412818909
40040332315130.5862846375
39266469888734.1252288818
40981426689524.2985038757
40156055541051.6772384644
40098467065089.5606460571
39318839928524.0903015137
39729161014329.3828048706
40545549267779.2500076294
39341158432157.4860610962
39556228676844.2755928040
40753626909756.0712699890
39629919428451.3309020996
41193816963480.0154266357
39066482901846.1066741943
38286836657818.4133987427
39261601640975.0772476196
40642129311952.8885498047
39195443649172.8464393616
39667286880469.5063362122
40135679917125.4238471985
39508979595320.6985778809
38713369729361.0215339661
40103513881534.6817359924
39172997068675.2991333008
40241390202459.2906303406
39380150453008.6452980042
REAL 40064773699570.0000000000
