28866796887.7140003499
28908856949.9502823576
28964718146.0762962345
29966230777.4866945818
29464046862.5965235922
29136282824.6218882650
29305877309.7993076425
28827818045.3351300526
28564329200.8353379536
29356657562.7968964726
29115292928.7231924329
28921421473.7502786089
29176711651.6207182817
29343300112.9882935304
30029896810.1320127714
29731919449.3439765703
29571045232.5015724581
28933022071.6688893493
29136730152.4793645386
28352128348.7205733992
29022358987.3237846624
29429505927.3890464976
28635218289.7629068717
28949946037.4959486891
28680051452.2325145639
29503368060.8470281698
29825374184.9908099528
28672069016.4474770129
29840727352.9006944057
29278327179.2796144355
REAL 29258248896.0000000000
