37018578063694.9627151489
41903138416105.2844505310
40752472596930.9487571716
39979166005831.2843551636
42158475900333.2515830994
40641761843226.7818832397
40641428368631.9329757690
40934347708586.7468795776
43628905910461.5742454529
41615005537903.5681457520
38837185966403.8831672668
39165662973849.1675338745
40070886618207.3551292419
40437673881192.0814552307
37644117865878.1499862671
40448583291242.8170394897
40724446762196.3889694214
39224352719999.8925132751
38499950748046.1120033264
41496107031340.6657371521
42027450903884.7774429321
39955170773947.9774322510
40816409499841.9108009338
40710055092213.0673789978
40144912942799.7554779053
40250908311756.1586875916
41457935990592.3157577515
42015485076074.3269882202
40688816326917.2059097290
39932415162313.9371948242
REAL 40064773699570.0000000000
