38944921440629.5671501160
35818871412480.9418869019
41747473006762.4398155212
36647783348302.5427894592
46851396727622.1863937378
43335538757658.3335075378
32070525704131.7426853180
49794827102259.0556945801
42431253093624.3355445862
36276638124604.3536376953
39324032949476.4353370667
37672090413308.2913589478
39802731782944.7050628662
38905701270348.9686393738
39433006538647.9397811890
37810747443130.3113365173
35892354009160.9080543518
44477756459658.2589988708
37813077468763.5163078308
40243360459815.7019920349
37301808726060.2225646973
37210023182457.2011680603
42547470331763.6045913696
40610892095836.7379722595
44621232731509.5645675659
38048141721399.1259498596
41953631104895.6350936890
37836867844059.5298309326
46570054790878.3624992371
34803828899520.8973503113
36307830107825.7932815552
41607268535095.5821342468
36661746983947.7314109802
39538371817436.6598739624
35656991838038.7203636169
36159825108921.6134796143
35463423460146.7775726318
40362921556820.3457183838
45744178538641.8540344238
49440273960559.7949829102
42063369374516.8527374268
41436597278078.4661636353
39221989445851.4464836121
39620996579526.0295944214
35871243018762.8245429993
40051146791069.6219711304
36050131747576.3133583069
36974107553163.2524604797
46200874787204.9030075073
35020341223281.0979614258
37252287327321.4846496582
44524410664111.5929450989
36105834705131.1177978516
45082454543894.1963920593
36940414841588.6439628601
44902380631174.3811378479
42979816086763.5138511658
46089578229348.5921554565
41541124903897.4112129211
39446118983771.7363471985
REAL 40064773699570.0000000000
