17147969.5901930870
17410793.4510686856
17287757.5180457314
17078486.8660438718
17366329.9322604839
17717329.6548263195
18048528.6438529551
17315407.4021076607
17468135.5057446383
17758278.3688545986
17873969.3093489494
17774108.2299524734
17455119.4282091908
17423944.6343359465
17485550.2374755092
17195434.6208265849
17694016.3626454631
17426033.4844206199
17703875.7242387062
17595437.2634851412
17298263.1852007861
17558526.8585576885
17764870.0059989434
17360031.6023422082
17123794.4193938289
17363362.8114637278
17397749.5453313308
17701066.6528590353
17690665.7059342575
17750068.9779348949
REAL 17435622.0000000000
