17878066.4227391413
17651686.4372170637
16995680.5446369447
16991301.0020173519
18451622.8328368152
17114459.4571487898
17259482.9348307349
17988000.6484124717
17183446.1711429901
17560830.6376520752
16529547.3792129830
17289571.0197195344
17739385.1624677156
17458902.8119993618
17687512.6885777785
17464688.8959545492
16001666.8615352039
17489721.4476680132
17265747.5293802602
16978366.9770229549
17215840.5522256705
17295232.6634970932
17919434.2744856542
17952864.9856598348
17859725.8638770686
18185392.1503086244
17676390.8969134252
17808982.9050797239
17518812.2776820525
17210898.9759494761
REAL 17435622.0000000000
