2254908818787.5446476936
2244070468600.7004272938
2259773976578.2146506310
2263237096969.1603975296
2263088627394.3388180733
2249206301323.5227046013
2265521838016.1989667416
2248384727806.5552291870
2254280956459.5599277020
2275334719555.5487921238
2248038262206.5695734024
2281944222283.4588394165
2261972649218.9397857189
2268955203923.4147074223
2277566632889.7029871941
2255509639756.5749080181
2261439129128.1005494595
2274563737441.7901847363
2265716918430.9920165539
2277669631903.6887369156
2246945482632.3182883263
2267710298977.1969814301
2249498453455.6352922916
2240686022923.3521766663
2259740244539.4465854168
2272432116809.8069102764
2260350620175.4728949070
2235204392490.9486799240
2248978255928.2981698513
2248245984407.4689786434
REAL 2263214208183.0000000000
