2285756407470.1408147812
2264108516055.6790578365
2252596677659.8785173893
2248641418550.5049781799
2274355468920.8275954723
2259332955644.1237485409
2277650469990.6876091957
2258817079641.5543217659
2278661862618.4164235592
2254933184398.2790617943
2265913764750.0118134022
2257668702461.2103636265
2268248204907.0518984795
2267210670958.4671082497
2280469641577.6756379604
2258069172404.4482104778
2237037736171.6145684719
2256771686655.2017402649
2251533139288.3057987690
2272512106647.6500089169
2239337356709.4451875687
2271117766141.8016097546
2263608001445.5764458179
2236417076620.0009779930
2260921014476.0721130371
2252479714756.3945183754
2256251619924.7003674507
2270887882503.2368664742
2244154330099.1761796474
2279788606974.7656719685
REAL 2263214208183.0000000000
