1626199305817710.0052490234
1618187459525294.3326416016
1621783034353000.9888916016
1609436168273703.9346923828
1610712553075257.2254638672
1613389311079293.1839599609
1615847467571619.7274169922
1621212651145346.6000976562
1626759058309085.0185546875
1618685966872449.6716308594
1628089669906540.8015136719
1609197147149037.2138671875
1601270672944206.4809570312
1620675416348213.9206542969
1603690437583837.1614990234
1611891203100204.1811523438
1612110995747520.0012207031
1620541485883551.7359619141
1616869147443890.4291992188
1606586721931841.2727050781
1627492193157247.0731201172
1608382664497486.3475341797
1609449047942575.6843261719
1612671263350885.0384521484
1605397044126388.4183349609
1626786202890893.9851074219
1614428240412717.0855712891
1597855953728013.8298339844
1627567499477582.4716796875
1616461308861602.9990234375
REAL 1615481285828229.0000000000
