1599928826024923.1433105469
1642690722665537.9578857422
1605467742231653.2325439453
1642854174245871.2324218750
1594632832813474.5341796875
1518950039370052.1936035156
1644121787011384.4580078125
1604796256412051.9635009766
1614111295145493.6451416016
1596050432091422.8481445312
1626119779458516.5028076172
1670230658659750.3220214844
1563209730906540.5504150391
1617721571354116.8071289062
1596263674174691.0666503906
1652733255831112.4191894531
1642198644473111.9444580078
1575694944058759.2575683594
1691737838400205.3304443359
1612654660172422.4564208984
1600986441958512.4550781250
1599962063638904.6317138672
1650876210123041.3890380859
1571283335774323.1491699219
1642338666428095.6343994141
1629775328974282.6190185547
1612384763342882.3383789062
1580531012118519.5355224609
1685337351467070.1817626953
1673502248471538.7570800781
1526996738956109.7656250000
1623319711090711.5113525391
1688193384906093.9281005859
1620181311894822.5559082031
1657032294245020.2843017578
1556778044415381.6199951172
1621624284370817.4963378906
1572658067409974.3967285156
1579040931374672.4011230469
1708666684070589.3784179688
1667090586694095.0941162109
1636221609771890.4411621094
1658573906781390.7885742188
1566275238696283.5122070312
1593746768231969.4768066406
1569782416054009.3129882812
1615288583518180.6851806641
1519946574713404.6293945312
1577448830558196.0455322266
1586512746976702.3421630859
1621869508996915.7027587891
1572173191539435.4687500000
1670213432968655.4360351562
1618295887489747.0969238281
1652368973980580.4665527344
1579361937495885.5018310547
1687994753160850.8723144531
1606132176047691.6258544922
1637680457805985.0483398438
1609729148604037.2918701172
REAL 1615481285828229.0000000000
