2269470093586.5516839027
2289154398553.6462943554
2292589180137.5725150108
2273928772636.3196837902
2290763150706.9901072979
2262133500152.8787586689
2264161851939.1448428631
2238366026275.8034737110
2275869784515.6855564117
2248824224541.6574907303
2272570829640.5783605576
2264432524866.6883001328
2243583471780.0898203850
2259499729779.6326506138
2260603548423.3114931583
2269767212211.9559864998
2245630846045.6643204689
2283551776371.9430968761
2271702923247.5271871090
2281616488143.1602966785
2267769608635.9912581444
2251907260760.0304250717
2251670626841.0070281029
2269727093634.6726062298
2282325054179.7819721699
2250457179577.9683930874
2253299210038.3008012772
2226030741841.0665235519
2266069740410.9166040421
2261550740529.3412554264
2265776200772.4427464008
2256304429573.4309155941
2269667372595.9829385281
2263274572535.1090476513
2251209917053.3336498737
2260026248055.3814439774
2248862267479.9431447983
2265907141850.5438485146
2260907638914.0962705612
2267667673976.5913043022
2246330327464.7079899311
2278761078015.7256073952
2245079364077.1815576553
2252157136022.5224161148
2295704390313.5342512131
2258604772390.0561959743
2263105823531.1702103615
2274146973433.3864531517
2255737108059.7845499516
2250691954859.7862248421
2268838638246.3002724648
2297039589595.9926009178
2251015670425.9842717648
2257290841868.8936514854
2274539250313.2576215267
2281771001235.2766728401
2261092235949.3875677586
2276860118571.7114651203
2262336923725.5055809021
2259283360614.4224603176
REAL 2263214208183.0000000000
