1625123920650657.3094482422
1561840107902694.8251953125
1619106742778254.5037841797
1600714931584511.3198242188
1625046869760262.1336669922
1590040026680894.7316894531
1670122146108732.0266113281
1654201382682715.1456298828
1655521817128154.0153808594
1617621405749720.7327880859
1615678545684411.0397949219
1596910157537532.3726806641
1607177523147117.9017333984
1670399681972242.0803222656
1615336580104232.0253906250
1618204176032594.7889404297
1630268609704723.3140869141
1580945806844638.4201660156
1640919928122898.7143554688
1592344531030232.9541015625
1643347560146232.0333251953
1607876014002410.3261718750
1647703904227671.5386962891
1605090086641521.5826416016
1617517429999393.2664794922
1634040114819045.3646240234
1649173133073857.3409423828
1573528945201958.4613037109
1646900549652345.5660400391
1602239987089094.8601074219
REAL 1615481285828229.0000000000
