2984189152.4968229141
2951846722.9708367540
2957447370.7933759887
2935967273.5415706865
2979598725.8828915474
2981590640.6332071852
2953603556.0587616970
2965809095.4075637157
2957995865.2401523984
2964360086.9214266613
2946001713.8104114539
2957027503.3271006958
2975654919.6084744602
2963426651.8657069632
2976499381.5476656470
3002738703.3915409136
2956007279.6231416955
2969723400.3542194013
2937944805.4505711261
2972797275.9987960514
2937354491.8146582255
2945164263.9190848635
2939362172.5399402152
2972907357.4192266371
2997709488.2664843751
2981494316.6892602874
2988050991.8778228192
2980454381.7505310446
2993923742.0723741560
2971214536.4721966377
2989318898.0940910482
2984148149.5269439686
2960941017.1323466846
2980182599.0322645644
2974294322.5437364359
2978231592.2754164122
2971162439.0075887374
2954979430.1320381358
2980646587.3729608946
2976192005.2246324462
2989150323.8185791655
2975830819.4464892054
2958920143.6047769350
2952704871.7692668191
2962853979.0715019347
2964760308.0293152754
2993490808.1680428607
2965466357.9581219237
2953417692.0411310527
2976850558.3114926172
2947227877.8649508830
2988034957.7169648958
2957382304.6525224582
2941532789.6292038860
2973599087.2406502704
2968907259.8353653210
2956710723.7205072825
2991133379.0419840345
2955405904.8678279978
2927442704.0405179453
REAL 2967011255.0000000000
