1648617006495161.7216796875
1615551728235164.4447021484
1616832282998656.7989501953
1691421999440782.3631591797
1548033573782357.1181640625
1620920132114451.6567382812
1605122065161610.9296875000
1617513743128192.8935546875
1630328481689152.4595947266
1660365922201349.5559082031
1595655742447470.9238281250
1644463519983094.9320068359
1624955142995986.3929443359
1617227102627401.8046875000
1614967874093387.7917480469
1612687968652437.7536621094
1583277438611703.7446289062
1648950152337377.4923095703
1641672430305513.3240966797
1602794163771038.8959960938
1630642410811812.4493408203
1629163502469595.0107421875
1582950233538083.4429931641
1615317702350472.2760009766
1599315757913605.7291259766
1579110886884231.6379394531
1552495617674219.6197509766
1610552324127657.2795410156
1620591907326839.2114257812
1582050000714691.7888183594
1627850535918140.0380859375
1612972720480652.2681884766
1638973710551466.4942626953
1584274084025292.1259765625
1581105218112662.0233154297
1631413459558401.1481933594
1575330460992595.6473388672
1618225747149285.1900634766
1603903973746527.2954101562
1616866574303920.9516601562
1595617720199738.8663330078
1620152807642022.5209960938
1606272817617093.0850830078
1640201884568292.9261474609
1652434341755180.4471435547
1640535762855379.8529052734
1620260940679036.9615478516
1634435377584858.2878417969
1577118586003209.0876464844
1596189155743736.3276367188
1597670292839210.5462646484
1636641313151759.2667236328
1608433952402717.1621093750
1623187557316079.2281494141
1634638314342427.5491943359
1612093939277537.0441894531
1625428081086507.6054687500
1596468849543863.9470214844
1606404257233847.0400390625
1630970535894150.6718750000
REAL 1615481285828229.0000000000
