2979961103.5817952247
2966517066.0367116679
2962928942.0073969814
2970250966.2996725079
2966789053.8002872930
2972523732.8675564465
2956574965.0442022928
2966168451.2570371467
2963417294.7527998684
2959857824.8266904808
2968900698.2322703809
2969016613.6216631564
2972105672.5038760875
2962817747.8315777110
2967036329.5385093950
2956181380.7384029832
2973607070.0991703330
2959512696.5438450759
2962770052.9039257132
2969237427.5833088793
2950504950.0988424425
2972064322.4923119051
2965918764.2306035580
2955856263.4281628714
2973914342.4624784549
2964934393.2051353648
2960439993.6863298377
2955895305.3644869658
2967664473.0027109131
2961419410.5492285639
REAL 2967011255.0000000000
