2279404941886.8268015385
2255246703797.9471282959
2260145306790.6703751087
2261561720700.8816044331
2266053571135.7290148735
2255352207293.6117165089
2283319053926.4483258724
2263439640039.8690636158
2277742112663.4855165482
2265113738522.4245188236
2272601079939.3444664478
2263323702287.9201104641
2256158519252.7126846313
2257099577591.5168876648
2259444062628.9916021824
2286576802370.7581319809
2255793956063.0585353374
2268717438178.0759022236
2270102410538.8062024117
2257746463621.3528835773
2241265817164.9169414043
2254870058302.3388233185
2262378433990.1333110332
2259133189608.5594708920
2251232105681.2695426941
2263699218793.1296820641
2268159443428.7173793316
2251538562688.7096936703
2270444943443.7861301899
2255455907866.8927905560
REAL 2263214208183.0000000000
