2927204324.8700544084
2979445503.5887944235
2931472800.0658416401
2967235058.0212088225
2958489588.7285617669
2971478118.5025363027
2970955935.7788363562
2971977211.2269331196
2975795147.2538576424
2981744672.0395536066
2923798226.6963443744
2978322070.2366788748
2965665464.9644291690
2962213093.5308330422
2932339261.0713871787
2962858911.7980774462
2973492078.8181665838
2973188572.4769174780
2960609808.1696995860
3001089008.3579844621
2963886242.0323953787
2968572398.8180123470
2969940910.6737286660
2953999006.8028251410
2987466675.2218911785
2979083427.0899855332
2930609076.5207029569
2960006557.9776233139
2957325029.4738080890
2970851764.5821596251
2951137827.4936950684
3013029108.0626741028
2971527457.9698412390
2979440810.6437768352
2974230685.5706731693
2956875164.0832012740
3010563712.0500527655
2955242156.0513413541
2978520716.6658955887
2938328312.9064244109
2973257784.7408313164
2962724500.7504231951
2921995336.4794409389
2983156751.6937416310
2992083048.1812640363
2988444823.5177503882
2954903818.5448347961
2966967178.4858735013
2957836449.9767884684
3014634022.3255184502
2975897039.9501874819
2969560968.8023343261
2924312743.4288357096
2972552501.7283380961
3002239730.8204609116
2977690712.0763604527
2929329427.6411099543
2972491099.2449345968
2923501203.7311897425
2986137403.2106782554
REAL 2967011255.0000000000
