1578696247018133.9892578125
1607868636020462.0722656250
1591709198558760.7553710938
1610302556394926.3358154297
1622321246551825.1718750000
1626292497490434.3157958984
1659043977243111.3055419922
1610956643276318.0009765625
1612556863624769.8061523438
1627146171872389.6729736328
1607400872201874.2679443359
1622098749401805.1754150391
1627651498638191.0915527344
1651320801908275.9051513672
1641021881017722.1622314453
1610976417773104.5809326172
1600897549817921.3084716797
1615641620797481.5931396484
1639482315842112.4780273438
1629287805817987.8767089844
1576022419170019.0294189453
1633127484453458.2374267578
1576408855223469.4094238281
1601075048850129.5529785156
1621535639393011.5477294922
1630920772557868.8892822266
1595167768600548.3496093750
1632221978344067.4309082031
1617310467874551.1849365234
1648972478056520.4687500000
1604099624914050.9627685547
1633250639168822.7001953125
1600125485052000.3099365234
1636809820630068.1359863281
1581833051361869.7971191406
1594351366534641.8273925781
1616661870236405.9978027344
1602043621573134.5834960938
1566709168296122.4124755859
1643858198378704.5720214844
1595331904991130.8874511719
1593852093298182.5289306641
1644127231392226.5252685547
1607128427255424.0144042969
1594600558229266.1455078125
1595139520158670.0111083984
1624062714449906.3883056641
1626080403003408.9340820312
1636277324594904.6048583984
1626581806488570.5700683594
1589935524852246.2513427734
1605426254791051.5664062500
1599681656260860.3123779297
1632760411401849.7583007812
1612567313857514.8383789062
1609454997296962.6499023438
1619808745586808.9504394531
1659931780108994.0562744141
1632597006339572.9326171875
1621403129159356.6424560547
REAL 1615481285828229.0000000000
