2968199877.1498512779
2987752848.4387482796
2980172746.3070512170
2958378809.6668032079
2955518809.9355976861
2978900906.4856164453
2956064164.7861727257
2975411350.4202206943
2977848241.1463288181
2966703380.7953824876
2966779612.1853757778
2955057818.2467089023
2977604309.5897596218
2961327877.4072348466
2982960435.0372297398
2947153904.0571447681
2962839433.6822483807
2966584629.3642701034
2951338462.5743232893
2967854610.7200741656
2959359270.9738465899
2955231435.2458702775
2974639808.2288459782
2951592946.7097102690
2953478471.6166281048
2966876899.9536381646
2968592385.1845092264
2970121915.0017501300
2967821319.1991176566
2968874899.4325102190
REAL 2967011255.0000000000
