2330165749483.1983978748
2308243653923.5795872211
2208541039500.8159654140
2265110388691.2188532352
2277964457831.2559101582
2318208494096.4864611626
2228761529134.8751556873
2227320308458.5204236507
2288403574946.2161989212
2236803925254.6939120293
2173526588047.2164903879
2273969516083.7014565468
2235367318974.5509846210
2295752438156.8967440128
2318161936655.1652150154
2236065655904.1925897598
2268019977508.9044976234
2233108139111.0745782852
2297069703765.3024237156
2365023725573.2415244579
2314071359160.0138561726
2246895030262.9966876507
2197307191470.2298307419
2302019111162.7292644978
2331762618336.1554362774
2311823797073.0608568192
2293339512542.3237588406
2314386034033.8540256023
2301697080238.7842009068
2307609974411.8369331360
2268776288841.6190803051
2295821682237.2895681858
2275715336665.1751790047
2296874046687.9452097416
2210262968592.1719052792
2207899197098.7318463326
2294224652586.3468911648
2231286069470.1872289181
2256964367829.4409966469
2289895840016.4695239067
2259973629831.0176210403
2209470783114.7878885269
2230506078341.0232415199
2314293727388.7538793087
2210998105742.1038529873
2308964540592.9543011189
2225442458591.6316065788
2313826126041.2385005951
2289339203269.0517237186
2271055045086.4256944656
2290427884702.0489430428
2258526441060.6000852585
2241768145138.9506545067
2255326340702.5322961807
2250339852117.2294430733
2305937029003.5772933960
2224157530092.5820291042
2212464228185.0797488689
2312471134351.7155635357
2260067611057.0631530285
REAL 2263214208183.0000000000
