2957295246.9807458394
2961124224.4925522276
2965468561.0556597780
2968391909.6829734677
2943527256.1428343200
2956818713.7093274188
2964755025.7825321124
2970734883.0911738775
2959717798.7592669807
2985723088.2514760192
2939909725.8119644278
2973194245.9140081631
2960660800.2301613023
2960063813.2456426276
2976843661.1931892212
2954343298.5327307256
2978680555.6978310011
2980685917.0145387724
2939046005.6802654134
2972390958.3584034510
2958437485.0321225342
2963961451.8864191736
2958172882.1584968849
2961111202.8693317219
2957772865.1733313724
2965341389.3081393915
2940576608.1359591426
2927474506.9919800940
2926611461.6119110228
2984986118.8711166224
REAL 2967011255.0000000000
