2285016068505.0823490620
2259771641685.5752148628
2304291132136.3773779869
2298409239017.1217606068
2240950341677.6291177273
2266603509043.5396573544
2285996370633.7928581238
2268226917318.6347208023
2253359481566.2628319263
2214905753253.3356347084
2278678207129.3489449024
2247818853731.0532736778
2238252909638.7948029041
2284702685184.1041510105
2289045598603.5503973961
2248801892056.7400646210
2297477146467.8623704910
2244938379431.5088641644
2299099984270.5152230263
2250841522858.5486080647
2211460447281.0017223358
2221932695319.3121685982
2263231747297.7548086643
2245067182511.8674521446
2258461095339.4960143566
2292882564475.1271479130
2285380975868.2763631344
2267851415630.1552717686
2299643642304.2372202873
2272150313056.9225256443
REAL 2263214208183.0000000000
