3004781451.3989098603
2927001706.5022423638
2965466902.2611617586
2940965088.1118799732
2960740936.0493493197
2968532948.4258412225
2956678058.6367360814
2969568482.9685912337
2948357003.0863677373
2932842710.8384663195
2934472551.0611743100
2939773083.9645219890
2937536604.7210552844
3005758963.8471097059
2994660687.0144784939
2951026365.9770096920
2960518232.8028855107
3022161761.4088692120
2966508648.5242785241
2953959875.4424132775
2994638746.2835628586
2935990030.3319323347
2953348763.8573340729
2985881239.5235869805
2984369808.4018677357
2923216781.4570643220
3049275171.2568026453
3036472008.6170685827
2988031248.1182169865
3003222392.7785301206
2941521840.1431577264
2974854184.9437948253
2953490745.7207630123
2968556084.5271740600
2901717736.1006182448
2962552729.9241419139
2934449518.7017484752
2979330141.1881813926
2986300089.3125179103
2983143619.2176880895
2982749859.2009104106
2930940170.2086059076
2987419867.2982256962
2934775584.3601509961
2983547707.0358117314
2986451403.0109422298
3048768696.7690236766
2966091288.4209303712
2948223268.5425716455
2982621417.6502237075
3013481558.3193354823
2984634700.1196428754
2977226610.8643679512
2999344468.0321828320
2999573512.3462517043
2998511320.7529321667
2945850247.9202088036
2920275619.7521849070
2983817576.0586702051
3002737471.4517941056
REAL 2967011255.0000000000
