2976810594.8720961781
2963041864.6746402851
2969856308.8562470777
2986990058.3779268994
2976359427.0052953428
2962805382.1846733051
2968816678.9182374454
2960979796.0818813478
2975935525.5062378072
2950064883.9662314686
2968900859.6639606133
2968265739.4581606511
2961678087.8516319087
2969314676.9664246885
2987211131.8378710474
2954980270.1116849468
2964833410.5018988790
2985275943.2758264716
2981871433.1587895001
2961414364.4714951736
2951794266.4969995664
2974960314.4716086341
2974018730.0280205999
2975659766.7496175172
2976208469.5001605025
2980515519.5572047317
2959088237.2315766942
2956947444.8672712648
2964192953.4396698175
2954968787.8065336121
2949783746.5321171219
2955031180.1466431119
2959037107.8698545052
2963205550.5621837256
2949619092.3189220191
2977375266.2350094365
2961576834.1595100001
2968037957.8239998056
2971755296.0262385088
2959528301.9285904593
2977549155.9858489130
2974809127.6816041437
2955889888.2514379760
2948359213.5892124036
2952398252.7857764277
2967207597.5840273947
2964349632.0753321648
2973292950.5781169070
2950293088.4168798784
2952375870.0905912227
2982327877.1578258262
2971368268.1574620407
2966741523.1629458850
2978874400.3800139597
2977652314.6189790235
2950924058.2493245176
2965116267.5840147352
2973422569.8377842673
2965767020.9228701384
2956828343.7743064680
REAL 2967011255.0000000000
