2266242091442.8767011166
2277084438881.5225529671
2287248892172.1109318733
2230211876863.6196677685
2256644854345.9007658958
2255363261695.7393991947
2267156225834.1463253498
2267815488572.2849659920
2247645179624.2120847702
2276841018655.3990571499
2276696412542.5073883533
2291755066096.7364139557
2271168259756.6735398769
2270479457871.3897948265
2268606185811.8203458786
2257957961437.8332540989
2289960003422.9663586617
2252654712388.9747929573
2271650574430.5597779751
2261567498147.1450057030
2287652099916.2320680618
2253204417339.7133471966
2251441076749.6112658978
2227361159133.0100896358
2241003308267.2307722569
2260074195198.8837120533
2232567124405.0923492908
2243469523893.9630768299
2270659578920.5653738976
2256954913757.4751238823
2268525950281.3997287750
2273723162401.3055555820
2226587207229.8337512016
2258928665049.1492469311
2287124227294.0429933071
2258401015234.8723242283
2225881925200.0803732872
2244941388528.7173190117
2235092300975.9232993126
2254791174198.3961434364
2267835517391.9323344231
2288920658388.6428859234
2267477199547.9640250206
2240398782011.0336065292
2253725888297.5831506252
2265860758753.8773629665
2232186159913.3777232170
2265194025820.0903520584
2285175930766.0241203308
2273134644166.4262547493
2222732126083.9827582836
2245294835759.3204565048
2237353049924.0248715878
2246711606013.3283636570
2266408853344.3163366318
2267085350888.1265342236
2286444052419.7148065567
2243715925558.2945702076
2265942889184.8295054436
2239032245613.4251675606
REAL 2263214208183.0000000000
