1602620996496792.2058105469
1628106151566003.5062255859
1614964813219979.7866210938
1640704624275835.8582763672
1613872551815455.8702392578
1623015841139480.0842285156
1620205770636534.2418212891
1624644337405003.4604492188
1618892359487956.4387207031
1598633487422734.6774902344
1615349377406524.5280761719
1631162967793286.4625244141
1605825054404582.5494384766
1627746874032051.7084960938
1609185916195485.1981201172
1604115133529182.8896484375
1618845556167333.3848876953
1616266604474107.8483886719
1618316891683173.0003662109
1608596903443657.1038818359
1613726346678868.4476318359
1615164089080955.9244384766
1613871262775587.4741210938
1608394019106116.9827880859
1627660861117908.6442871094
1623603637090929.4421386719
1622371106178159.4619140625
1585198368805496.0628662109
1618875031296466.6608886719
1609630501046688.0910644531
REAL 1615481285828229.0000000000
