1612682588200173.6542968750
1632606161249430.1540527344
1636065588288329.2442626953
1646204725858209.6569824219
1605826406297078.8876953125
1596983577304562.0664062500
1592898214964120.6711425781
1596419439750447.4399414062
1611835439898727.4222412109
1605022308850390.5936279297
1610051657209142.6885986328
1600049747467682.8985595703
1626289652719385.4534912109
1618082474343690.0908203125
1596619967738673.9897460938
1607666206300144.8426513672
1644194351526521.3387451172
1615154324200894.2530517578
1632396590730946.3450927734
1630492196378971.1297607422
1601657035406920.8983154297
1596100921180510.4930419922
1628731708230254.7508544922
1610286407214237.5186767578
1613969924626347.3238525391
1606375312436593.0227050781
1619432356533155.3408203125
1585193177989818.3898925781
1624946416736071.1185302734
1597556891024346.1683349609
REAL 1615481285828229.0000000000
