2956776914.8444849835
2953569264.0481446937
3013972387.2094267455
2946899262.0754593851
2957741938.2169279002
2966894177.4995556024
2985801708.5601441092
2942060493.1254964725
2977758325.6057808897
2969149113.8255285777
2974932062.6532279311
2953405162.3386648949
2970331691.0117079448
2991044787.0228393842
2963725179.6998828701
2985704166.0474255607
2953812818.3620273853
3006816587.2418844872
2989261275.8392567958
2990617464.3097230359
2987282671.9341772064
2924495853.8888894229
2943924776.3722196158
2971892845.9475207394
2984916099.4418653662
2994318692.0326615530
2936772019.8050536155
2960114219.1470806152
2978157640.5487709090
2977079355.9464698453
REAL 2967011255.0000000000
