1635155345079335.4119873047
1620252942691773.7082519531
1605328266864789.0364990234
1623307147691033.2691650391
1620792844379247.7016601562
1590875907894985.2944335938
1630503009936259.6430664062
1616253191643844.6541748047
1608516692068365.7742919922
1597191765107823.9089355469
1597495560319519.3300781250
1587226302645021.0817871094
1590686580455529.6745605469
1626983702126759.5541992188
1605284876277591.5450439453
1604444865727405.0784912109
1622768988330129.2487792969
1638351158244339.7329101562
1599932023116447.9929199219
1609897283264586.9785156250
1621782126014390.8140869141
1610153484701150.4468994141
1615208696001093.3129882812
1592695186299421.3492431641
1609264574111687.5351562500
1602813225413527.3747558594
1617956955371252.0294189453
1624302562290243.0772705078
1592879000058955.4608154297
1620954548223302.0072021484
1579954541809969.5876464844
1627239426937360.2547607422
1657247159551369.8066406250
1615600122343880.0932617188
1609244778421052.7224121094
1610567478724678.7222900391
1606089478198284.9973144531
1630941816809704.4138183594
1605555456740776.4765625000
1615907606537734.7349853516
1597381244048747.8572998047
1628189645657554.6937255859
1623718680947301.7388916016
1620938120047342.6823730469
1609557612285267.0391845703
1586307790003127.4907226562
1641938992415400.1912841797
1612787973834425.9497070312
1607683645604375.5006103516
1606581108608348.8023681641
1596213569148798.8787841797
1605088230267768.8079833984
1621494544773664.5366210938
1596745959351378.6793212891
1633758661893475.3928222656
1625897541773669.4782714844
1577255117144333.1120605469
1619913371852286.6228027344
1607401901983644.1157226562
1615435714084421.6594238281
REAL 1615481285828229.0000000000
