2274038872748.0494573116
2286475288206.3709533215
2252922655237.9453248978
2271355610549.5149054527
2308174069064.0721995831
2256893920067.7628695965
2185687856964.0117877722
2271694952889.3218243122
2232066866211.8837347031
2312727288872.0915608406
2238528691976.7302203178
2267441167967.2374505997
2253821420242.8661246300
2260901322817.9737794399
2275737925146.3979523182
2254081411345.6605124474
2234738208152.7101042271
2306237880541.2215857506
2290204170370.9903461933
2236763165083.5094757080
2275572151421.8809745312
2288987374852.8238654137
2243994421203.9137582779
2301914493087.5487902164
2290647407354.8615777493
2262689560945.4707362652
2277250554192.7415416241
2261675119769.2273659706
2253329587721.0171704292
2239481224702.7995951176
2329405574392.3422904015
2246368219582.7404568195
2311798234154.6245839596
2284113070966.9473867416
2265172868092.0888328552
2264847395523.6442439556
2270609630213.8931300640
2205749649125.6612014771
2288293653767.9192891121
2190297000099.2178959846
2283864458004.9851124287
2274327854724.5477070808
2286922395448.1483383179
2303976643221.2416453362
2290612553803.5813140869
2237194444923.9789881706
2237235376206.4529881477
2277109139855.2643129826
2236338619350.0211455822
2298429434590.7803502083
2258578506183.2135784626
2272782912433.0375399590
2215237585737.2209227085
2260843561121.8990259171
2309670071836.2406749725
2289675081932.6855912209
2242654689562.2512049675
2278793137538.4209632874
2244341702977.3825919628
2220863462046.9511342049
REAL 2263214208183.0000000000
