16275.7705351418
36131.2758203885
12944.8409171332
35622.9846134754
-5202.3504830232
36317.8755623801
-6276.3293380605
35386.0734610773
9884.2337922222
33823.9873851265
15026.7422851980
34489.7751044389
12312.6865760717
38443.2095854481
14451.4459745747
34252.0388752158
-5198.6601235847
38259.5933172239
5816.4542284561
37071.5468314434
10255.9063034218
36672.6432155660
12417.7243199463
34362.4647040026
5849.1363191965
33582.7809188448
13726.1730919039
35500.7348298690
3079.3848630624
33006.7538040294
11046.8692884238
33510.7402504205
15992.9763364457
33701.1098310009
4519.2079654512
38474.6259765213
16707.0325109143
37991.8219881879
10189.7164687724
37101.4156999050
8303.4215650696
34401.6455357850
18313.2078492729
38302.5434368818
12123.4458854380
35545.4345944727
8635.6373879415
33547.9212522022
-6563.5046015064
33757.5745680914
14200.7477617133
36192.2575377167
19582.2804839005
35003.6975033657
-3130.8739838775
32573.0873992234
-16907.8752616838
35845.3633047724
8629.0049593161
34315.8699994430
REAL 692.0000000000
