61590128.9077300959
-13082099.2204080654
49193033.0359425999
-6559167.3093452737
52033000.1028061888
6082778.6498268332
53062578.1156837861
-8445370.1167544262
54082810.7752943017
-8613904.2783197559
44722955.0547545227
-5565803.2810866348
47827033.4667441692
3466084.7930903091
42631037.9159083889
-20953036.1846172052
46910465.1654923094
-12987712.7861340727
48096564.5358289721
-3452927.3693686971
39380374.9860620940
10585833.9085682032
52286339.6461065357
-11673443.3162548906
42323539.1297782599
-14115787.4777276549
51744778.5613845910
-177825.6453688997
60936420.1092439182
-17839817.7295000758
46568294.7697481883
-8326496.0220548884
50872696.2479811471
372650.2308515040
46068249.9302288363
2490488.3122850895
48043663.9635529656
-15706102.6574030278
47193329.2779358783
944811.6539830735
46449119.1375942926
8135999.6901740357
39498671.4180169953
-17936257.6782580393
44901606.3921674547
-9724358.4606326522
54116400.1198228515
5446921.6807417229
47420599.3968226866
-16805572.7230969801
53393353.0658979771
-2599242.9371264478
52891471.2192429795
1714815.4381972399
49110561.6340767018
-16954848.8209526488
49695762.1555650325
-5738958.2599429881
47137700.7891509107
-5051981.5140810134
REAL 444.0000000000
