55979.6843644152
57858.2056706015
57864.2664561365
69473.3865818121
45773.9159782963
50829.8251562293
43017.6382548726
54172.6820683442
44195.4779934472
57035.0781430049
45286.1995601984
41464.7242903804
51158.7042576524
44802.3281940789
45815.5057131827
37501.5809795896
38701.1585987669
50585.8502929564
46905.0221134518
34443.0115279015
52415.1662176944
50020.4061412459
57257.8627290071
54999.7696154576
55805.6408458992
44809.0726171301
49520.0403790628
48579.9660943806
44875.3319590910
57230.1901745925
REAL 444.0000000000
