139805.0399992941
-32502.9280375163
133335.3265723470
-30556.0897616289
113552.4230472899
-34413.7016269186
108925.1495975106
-30668.7609320035
112554.1126295013
-36103.4785331661
152659.1160026953
-29092.4059091534
128607.9791826926
-35005.5701711405
129117.4961015875
-32031.6533235607
149477.5963896988
-30303.1293412300
112053.2447095906
-35415.8513480958
153713.8485813431
-29451.7176746360
147539.3133458008
-34559.0622006593
121590.9259374564
-30910.8825505328
121797.2280807907
-33967.1273868002
161171.6830131995
-36473.8800759129
124101.9447136709
-32599.3520035519
122854.0562467712
-31224.3290929092
141494.5407353821
-33447.0193382946
131561.9309945081
-35911.8856371774
147141.1519915912
-30731.4090371125
127896.1949490418
-28314.9437739837
141601.6179889286
-32508.2820878473
155591.4648826463
-32843.1798126090
168003.3265891171
-29788.6722446695
137583.5173618854
-35148.1696737914
138555.8825495404
-32545.7121719109
148921.5279933382
-35434.8341100032
126196.0207267593
-31621.0484133276
156749.2339796407
-30772.9855712528
113396.7442299165
-34361.2298849151
REAL 444.0000000000
