1611.4939961494
1434.0507908646
946.1146861562
1981.3229915627
4247.2116037337
2268.7121422385
-4235.9989378780
5621.3293795146
6935.2739161987
51.8080782594
152.2770184644
1374.0712480113
5647.0310057657
-2631.2851408658
-778.0693490288
11234.6348027684
-4767.1339159146
5350.3121552292
5998.2595394162
-3683.2129453276
6006.0002856876
6113.8653249373
4801.4816940787
5063.1564273368
11434.1863058130
7659.6297817067
3351.7170064421
3518.8754374918
2511.8448381158
8265.0559006451
REAL 1662.0000000000
