33281.4946976648
12339.8626526597
3574.8830218840
-2532.5851760672
27696.6486261198
20578.3674983948
24049.9515251515
5177.7190731592
-2240.3781796008
39205.2094726171
10177.7102707084
56625.6278222494
39922.7234780785
-24643.9058351491
-3735.5514414136
-23241.7529132160
-38704.8803007003
-20295.4413578680
-5217.5705377074
32656.9060161843
50840.4102273636
30824.3397617192
18125.7159605911
-12517.6758800681
23712.9729313222
41849.8279097403
36334.2414000878
22686.1187039507
20766.7285699004
-27624.4896075387
REAL 1662.0000000000
