1827157.2993538583
3439105.4949060469
697287.5323876663
2159119.4059821916
-191311.8091335870
3191524.1686589140
-1376262.4189139276
1599214.5230680360
695338.1764755143
1311707.2747137620
-339533.3073652477
3115198.8252544715
7972.4518183521
1921309.8931393591
232176.7626756375
2072362.4861986618
61752.0980511100
687765.3459925698
878120.2990390121
1548215.9125410846
-27546.3263277068
4009514.2166542742
74682.5090335278
3234018.9148930632
465382.4882884041
2044550.4136880572
200418.8340246070
3830254.0294331250
-250518.4624997972
2499164.9658353705
9487.6965002016
3462896.1947743669
-84814.2865997037
2387525.0603265881
-85994.4856202652
1400484.3949018718
-327044.0619641294
3084642.0498400295
-274689.4706923082
2405843.4499410342
379235.9647367260
2360131.4137338982
66668.5477855411
1153442.4634334215
125575.7104177729
3331499.5579697611
589982.8119577482
2393010.0877646919
-238212.2391146577
2223936.6954477118
-455068.8013393001
4162257.7081846932
25451.3991191582
2817793.3226867520
83631.5132103480
1702060.6115768480
328265.9889518419
3119805.2785432904
-277637.5644764675
3566424.3345354456
REAL 692.0000000000
