25428.1802114496
5216.4809592839
-510.5610092836
-345.3309115789
19876.9380661085
2091.7173307869
21196.6712010890
-570.9934015596
41603.8308999054
-13397.6149126277
15544.0634514737
10889.2227362263
-55383.3681319768
-12768.6982170426
60195.4252738664
5654.2578704019
-36973.0910938957
-11933.1840169149
-6484.1619846557
6606.7498060740
5790.1740675101
-7806.8145252617
10199.6903054310
-25356.9571231147
-18143.7827907595
3308.8775397395
20425.2259493393
-26255.7680302676
-1590.6650530299
-1521.5697194413
11251.0913039969
11508.9656996005
-21118.3190611227
1627.0370217465
39621.5023933409
11571.0876437977
-13968.5743283938
18579.7448722615
3196.1415610686
-372.5476876427
-46522.2898453283
5819.8862669472
7628.9303146412
9548.6907037379
-1868.3369635775
10814.3865763985
9206.2807917355
-24240.4733709084
-31410.8393798728
-4406.5807119859
-9249.7991098048
-13258.2612998269
-17543.3311151620
-6552.6061972860
-6154.0785034620
-3186.6035276137
22819.1516694956
-19043.5081762130
-59841.3435452542
-7864.5426703098
REAL 1662.0000000000
