3646133.3006243653
-118860.9670854094
4427401.8766085670
-258423.2236582647
3634774.2315084173
-811907.6415532925
4458165.4153410922
-197653.2012078885
3661248.1266918948
-533434.0252257019
3893776.6170737209
-314501.3771278407
4165986.2748336516
-853062.3735230965
4510868.3668896888
-526249.5123237967
3617672.6363824005
-1063683.1014796044
4269089.3015800094
-1022557.7588143253
3767392.2279138482
-366700.5075012216
4452454.1636191903
-1066155.3102473119
3329394.8295419265
-463677.7994279294
3338891.0025889487
-421549.9598559235
3955901.2011810575
-583159.1190370703
3855029.6458307678
-689021.9945249869
2983413.8907812928
-332195.5000181708
4648710.4110394206
-675099.3992021686
2990961.4527926521
-902207.3107081616
3137145.9177436687
-517639.1614596216
3295442.6517070440
-672167.6660193489
3595342.4709840853
-719903.5176632814
3385909.0345825977
-585660.4792778274
4239904.7077845930
-1135961.0247748220
3888492.2234233566
-765740.2734937982
2982466.9609382533
-247880.3929692230
3898728.1292625146
-324504.3480294427
6060823.8185385211
-344804.3098621603
3964062.6546260687
-452154.3343257184
3562274.2088157209
-612738.5016380366
REAL 444.0000000000
