552668.5974927531
-90513.9633235616
753493.8869987846
-114577.8117225530
514052.2793703482
-102994.0434085847
583073.4246795784
-135734.7509375517
552896.8417398249
-105418.9757074084
482679.2008680354
-105925.0290106109
622929.6462833974
-106591.6972389664
704463.7587238175
-129211.5327098183
588904.7337984209
-111727.0691230077
533732.2802463048
-100329.9482361117
469995.3511760069
-129863.6969253139
594623.3609611727
-117085.0563548742
628051.4532598455
-125801.1673053785
671058.6012684739
-95034.8786281281
499619.1977181159
-99232.9758586285
516857.0944771885
-137504.1810283718
560003.5237819190
-110858.2507629262
533922.3710196145
-99509.2929170202
640094.0100250199
-122332.7216747082
492409.2971319044
-129131.3093724107
669270.9848539231
-136548.0503130959
547835.8178826741
-114961.0147028704
511545.7839068192
-152757.5345689329
594960.7139388414
-77255.6451392294
662071.8017453261
-133153.4318001055
479111.2405967738
-121563.3450186866
495873.4857256153
-115845.7595598539
519247.2245971574
-131174.5806260915
563801.6146211691
-111165.0468722692
631070.9335627758
-88661.3594979783
REAL 444.0000000000
