12203.5622220289
15434.1140465936
13686.1441097766
21198.0018688592
11078.7427478459
13254.4231692703
10483.3436339780
11758.9880007612
14482.7763664551
12451.3538415366
11095.5871728410
12152.8850457736
14877.1263792093
16648.1295988514
11049.6517978268
12773.9709930099
10967.1603459193
15898.2300834888
15730.7279194815
14596.5310869826
11870.3354331356
15619.3195799314
12086.5616346397
12091.1254837831
12548.2145339149
13746.5156214109
19202.3516260983
11264.7149019906
12101.3330385748
13357.6592509030
REAL 444.0000000000
