3975.7338878515
-974.9970426764
2191.0292226194
73.6561966376
1564.1802255827
124.0572334481
3730.8756101347
12.6052274847
2381.4868317104
-1981.8020020641
586.9630139953
1091.5385351589
540.1739957786
2264.3220264997
-2538.8830398895
-269.5398612454
-4419.8918047424
1645.8602482708
-2776.4524015618
-1873.2174894991
2774.3823609638
2533.3677516447
-1449.5165793522
-1304.5890043352
3104.8765600508
1907.0687936002
1768.1985641641
1006.5954208678
-566.9084354603
-1691.5574962705
REAL 692.0000000000
