7666.3709766096
-55183.7633725305
6535.4842137551
581.0527475616
195.7541381880
6925.2457595733
-9105.0498844393
-3263.5949841641
6325.2177865544
-15826.9770615799
23583.1169444102
-5701.6090232684
-35238.3622315362
-26646.5140312433
-25522.1227460390
-43053.2857776685
-16335.6747566280
34607.2174644295
-28942.0485895145
-12467.0365182854
8596.9690685538
-17187.4931057539
11799.9798979800
20775.0448774325
-20047.6883207710
-7888.6965883677
-5358.3267576779
-54967.9818413314
-18331.8717657736
-17288.8302992794
REAL 692.0000000000
