-112.6236008977
14359.5928417321
-3534.7220924878
-4348.2779200660
-1652.0045201265
948.7475948621
-4225.4892139674
-1435.6574122407
-2036.7949857220
6348.7411025908
-4048.3050152575
1003.6700113169
-2049.3262102780
3673.5089963468
2156.2549462915
4607.3858122607
-878.4596032461
3532.8044065009
-1645.0453467348
4466.8410343137
-918.0932322257
-4237.6157617323
364.4214079910
-1018.2507864296
-6177.6512321704
-1067.9485279945
-6323.1954939020
7637.5624694367
2846.7705074048
-426.4567741483
REAL 692.0000000000
