4252025.6350941230
3886474.1779473423
5277884.3599889229
5034090.9124328758
3984114.9916664359
5375491.4350392232
5714282.5324975788
4279246.7460130405
5519938.3773706176
3728933.6016557755
4936822.0853684342
4252505.3553792417
3698940.1946099676
5390708.1879322721
5991830.7754960450
3695939.4873396088
4094163.5965508078
3931180.9095167848
5825060.9855753185
4282187.8890093410
3526272.8260115998
4362915.3071150764
4402557.0356964626
4132229.2901877264
5200892.6267636276
4421668.8411762209
3566133.7302995563
4471367.6467317709
4717992.4256857565
4534932.9384517926
REAL 444.0000000000
