9084.8293978523
2475.9405648769
-9075.4363372151
2308.9693481066
2721.9316659048
2369.8127364557
9822.0628050937
1283.4177790419
2590.7181340108
1.4216059095
3937.0967091949
2153.6848783934
2635.1172915118
2816.3265616743
-4967.4587178491
3326.0729525241
2740.6524726782
1960.4791117268
-3744.6294578932
1226.8701242805
-1418.7902028497
1085.7312780990
-800.6937067842
914.5255241741
7105.4886829575
1934.8840549619
2928.1594766557
1151.6974857278
10518.8542344524
1602.3837608674
1839.7575843606
630.3672438511
671.2716697866
118.2339356365
5614.5172456479
3301.9323885101
6193.4599554765
1381.4988036232
-4883.3249488297
243.7216461685
-3824.6701844167
3272.1027027805
831.2685566680
1482.5211887990
8788.8730752435
708.0791552643
1092.6920244271
42.8091243753
-3558.9197823783
3055.8773343998
-10739.6090262691
915.8376980890
422.9416089054
1875.5047738905
1532.6675184041
2132.4059525980
-907.7028586035
1344.0578639022
757.6935071001
916.1833764028
REAL 1662.0000000000
