4152.8838664680
8501.1611940404
3738.7885151755
-556.0119477394
-6392.3158210119
1251.3876706088
1727.3629750996
8113.6378566801
4159.9842755154
-3961.5640932976
9787.6836553305
4916.0306804411
16810.5405643061
874.3263343264
8015.6364011421
9.9031796196
17789.0107160111
-13489.3180113267
4521.0670401401
-3675.0108727151
7988.7731745751
4694.0356420221
13006.6661068675
11923.3348096001
5298.5007928737
9013.1598440759
-3586.9867009856
-3477.2120998721
3105.2066244718
6903.9409023971
REAL 1662.0000000000
