-9251.5719253599
-2878.3439131755
6086.6210058866
-4528.1921009175
-6090.5301874884
-1452.7556864920
-4670.5195515712
7021.3265387363
9111.7316753665
-2781.4879755754
-1615.6369176695
1939.8889191272
1070.8308812869
2602.0126735388
9735.3539570213
-2673.4698594924
-1168.0676639811
495.7611584825
-364.3091109901
1567.9877716777
20084.1078915237
2660.8434371321
6838.2258441119
4135.6117087154
-141.8110184675
4285.8888609539
4040.4994812216
-725.7251369705
6695.2009752852
2353.7285597016
-5912.0878529636
-4922.8549593571
-20278.6277620947
-347.6913515684
28213.9290113125
5383.9373995057
17891.6166464412
1098.9330904271
3999.0933508900
-2177.9018814376
-12333.7722235232
2448.4280897302
17392.4673000500
1412.2938628946
-3861.6390996363
3205.6887025380
-11003.1839762014
2369.4016825774
8446.9174178712
1393.9381634103
6636.9513097035
2252.0511502729
577.2147077049
2427.7621386780
-11129.1491362584
-4532.6925093403
-1085.9112570285
2901.4813876128
15065.6901074181
2727.1953298055
REAL 1662.0000000000
