38427.0741406774
113257.0525098522
-14270.3889173109
-13087.3567299212
-95585.7514838162
11603.8099225978
62975.9983055465
-51237.1067399029
29475.5698964747
-19399.9313950070
-78608.3737534189
-9264.9857220648
-68227.3397026575
12627.7413179071
64516.8218956579
43793.6327084924
36385.3058057688
-75574.2706477710
-69918.1449606537
-129545.0540244098
7454.4060299633
-98846.2428150495
-9312.4973547453
86377.5126252968
7057.5157415527
68222.6280260096
52218.6816414411
127041.2230343151
-37859.4872620493
-110764.0386177253
-67946.9533377568
42359.7842880495
-4857.6886053365
51244.7452151742
-46336.5794389389
-61515.4183509069
-42261.5445930936
3938.3477075540
-35666.3782739696
-2201.8339917597
47825.4206576401
-44974.7142953837
-79122.3051441616
-50409.1421583032
-22394.8300981728
124942.3727249444
35921.0450507253
-88228.5366757383
13494.8387754879
65316.2135749743
-108415.9075468823
-10456.5276742044
58769.2969412210
-107786.4080614842
-94164.2238617513
45826.9069082154
53483.0825698629
45078.2474115012
72457.5742326339
-26920.2330380894
REAL 1662.0000000000
