19624.2629936390
451894.0364059334
17870.4153179537
426073.3402587827
30460.2373203716
529787.6258386837
89173.3481377219
351740.0931928697
58447.7963268385
445521.3702638208
23052.9398045571
417824.9627815114
61596.5877227121
474436.1481577631
48535.0859926789
373470.0296961815
12774.9186361128
386722.8632140712
82634.6882553096
438050.1086786008
9559.6716758170
459385.8813959588
61750.6240667275
481698.5146762609
9659.3954485451
395292.3427768119
13813.1548379987
412677.0077902282
-30413.8013687601
446928.3212554313
-99432.3548054024
421167.0302992243
2615.5003807571
567440.9291495482
-99280.1975010532
379622.9569726491
24600.8764045806
413233.5003844785
-35093.3388061951
489395.4211750150
63835.5109852823
531853.3462546057
132553.4661767429
460136.4251899360
-24349.9119170308
442456.3670798602
60820.2545401064
410692.9600368726
25009.7125199978
476705.4234370166
82002.9533469195
399306.3444690462
-201516.6178100337
387600.7750975741
-62948.6963507054
502491.2343963195
-62926.7611229722
492478.5518663807
54127.1918887300
480642.1443511019
REAL 692.0000000000
