23515.3196924707
121635.9527084769
9857.6311168646
126545.5637735847
15446.3840928065
125930.2003029177
13631.9681415215
112633.7109099429
29986.2811011388
114776.0886266964
24992.9242121247
112535.0140030708
17709.7223625341
120293.3580213273
-4653.4912677179
121911.3462519669
22464.7241976198
117038.9464483447
4023.6507498175
129138.5088032257
19874.8704192841
119194.3930649616
8242.3135898627
110801.9059516911
11905.2642186845
124539.4416870184
4489.9913870531
132345.4110289592
1421.8719248158
109245.1077365148
21631.7702170663
117217.9424993755
7901.5819069925
114552.5173847189
13594.8648806548
99522.3041859188
-16069.5506975258
112718.3946662609
13163.7881614044
113180.2342055295
2560.2471056987
111684.7147762650
37766.7389170718
107254.8480062260
24467.1805827348
124832.3349648406
22953.9005864762
106543.8575825510
30064.7042074358
124179.5406861289
14502.0083228635
110227.5653029998
43982.7648755556
103680.1237056427
8491.6644782223
107371.1108348428
462.4976983463
106662.1069217084
4393.4626812876
100224.3368716098
REAL 692.0000000000
