-71130.9275489618
-203203.2889051546
-101314.4774714878
-107709.1342277002
79685.7919443662
-87462.7748955369
53778.5967527549
-47936.7921152612
-35497.7356805967
121981.3283223851
-187138.1894647814
-42738.8854125233
61477.2629157086
-200307.0301147381
34313.7356597689
-4439.2126272089
-348037.5604561481
-83322.6768102521
66770.0991078701
-110462.9777513071
-99262.2621506970
-136655.3101980913
-198797.5373785475
-11643.8452061519
183128.5453364385
140616.0579819676
-269556.6077093492
-72946.6051539676
-195961.2556872733
135216.9823109680
REAL 692.0000000000
