281317.9747377596
386410.8054604234
359502.9285133984
383392.7192496258
270635.5877534283
325627.1594107365
424737.2767374201
412527.4193444585
302105.1626964789
327791.5806202434
260424.0258446741
264059.0897779688
321861.4658586529
363653.6179355705
341418.5259163753
286317.1483330457
397822.1324975539
303593.6441437452
270774.1042899262
327201.2983821547
255921.9801711616
246094.8783011915
294385.9766717639
305821.0127093836
262528.8153333340
235485.8184540912
269371.5308889730
535235.5925472314
255624.0376480556
271724.0543018084
REAL 444.0000000000
