3.320256e+02
378.2716141162
222.0074354882
228.8013366119
238.9780631089
392.3548210835
412.1399384944
539.6262739024
225.9086057274
230.8535908458
479.2646629086
239.6711901086
280.5373045324
133.7820893205
332.0566659960
201.8243820966
431.8414861278
119.6517213447
120.9694123563
379.7054185126
322.7912936789
75.9152579585
169.5737516070
494.0977668165
351.4268429891
262.7929664673
427.4524257356
795.2646888864
330.9683012783
230.0846258852
457.0880291148
377.2055425794
423.4676879257
346.5275057117
108.5384392374
341.7511096299
223.6455636503
280.7260318060
315.8687158199
181.0630527077
239.3192758918
71.1122422240
163.2972758505
611.5204334578
-78.9637484838
404.2481523801
317.7519388905
414.0292954409
215.9680525778
403.6113637104
394.8101303601
338.8287595125
394.1325028454
392.0526297255
339.7808584031
129.3106945811
248.1380348817
77.5673922340
236.2372960044
294.5856646811
143.2588697144
506.7836175230
317.9957714870
170.1226487279
495.8337345520
-14.3688507968
528.4506636693
467.7796505183
339.5484307469
295.2588955319
339.5908241119
228.7574220338
409.1375627718
308.3256445028
121.0425234854
332.2946739503
326.2912240270
341.2330810976
324.7484669822
235.1060784589
261.5279552423
476.9558879827
75.7586996537
264.3511452405
419.0637246005
368.4281896685
292.6517176339
482.0733298036
194.6003195143
100.0680573626
87.3886286689
814.8246993641
321.4304093359
31.2952688874
391.3029652299
501.4223005594
273.0229883784
306.7824550162
277.2679407403
279.2434692647
494.7963501610
174.3251673073
403.6739143780
183.6520435214
194.0491509190
74.1409672718
433.5247270493
378.7781803146
340.3965510922
173.2649015527
50.2444213710
340.8666842973
112.2964605474
237.5554309754
42.8599037822
335.0377188070
285.3925080030
484.2845735868
399.3948097403
528.5710477501
252.4881767079
445.1887384901
285.0796787039
220.8770016652
381.6108022407
288.6400355305
223.7246402343
190.1886814166
265.9033931721
164.9377093862
472.5850004360
339.5205514752
170.7906401767
110.9854868060
248.0910871044
142.5900868571
184.6110260747
534.6704905044
358.6531749071
460.9187748856
427.8746890524
191.9830273961
419.3411127438
63.1787982603
556.0948986977
186.6856104263
189.7912855557
90.4968620519
212.3511620800
271.2295106377
336.3366521763
363.9369774378
224.1080879414
294.5049922208
414.8261738752
477.3698964941
306.1228881761
236.7397183795
405.7635923135
366.9871586069
233.0162180505
343.4478362184
354.5166335467
286.3460208133
209.9144165383
137.2576401312
237.8944923048
544.3158661085
532.9165532703
253.7930778936
411.2158877079
59.2496819845
168.2641061577
333.0442207565
300.2341060001
244.8442432128
39.6481446235
324.6709763443
445.7750891155
196.9493666263
282.5976183567
457.8590378738
611.2088371585
330.6460398861
271.3896631964
313.4068270415
82.7600302160
489.9624164156
103.5764958734
306.8102074561
768.0041405404
288.7993925805
455.2522977328
31.1964604145
156.1093848154
362.2075278919
122.3757424183
252.2845992926
248.6033595229
356.6772926191
REAL 273.0000000000
