-2.352659e+04
272637.4702680837
-155928.2565963237
-264073.2954180570
-203672.6855800691
-114896.2752484431
272182.9598841389
30250.6938808944
88896.6348360998
-39747.4662071675
-115123.9665397795
-18871.3219108606
-177871.2897038063
417703.7494032370
-168235.7196143612
-41757.0437743832
272042.8826887949
-215017.4971945823
70278.7262045535
262830.9267370811
-42394.7480283222
32459.1744571441
-72600.3455344769
-42464.5541226376
-29012.6755996500
-234227.7542051844
-41305.5792135148
124840.5773605187
117337.1211881887
153842.3316402087
69001.5348669641
325561.5825860525
339385.2883770482
-70396.2090876516
-35798.0930426323
49405.1888436691
207045.1023605145
45927.1850115350
184139.7773752506
160043.3013352383
-251863.8993798154
235840.3783723779
169956.6606595162
-46030.3386137290
110891.1932527393
234145.9887951695
-32242.1840217158
-34189.3720931292
102891.4650119526
-194046.3092844275
-106696.8692864212
-72208.8960314125
-5774.6402422445
-43707.8130112752
-26088.3852916585
119662.9450765114
62852.5457027007
15352.1087504310
-278342.6320354017
41812.0749992011
69802.9442301872
-151549.4197333495
184839.8815427436
-42463.3224473180
136312.0886745924
59832.4773825724
30475.2957068752
-47.2034727346
30497.2202643385
136440.7447946586
90008.5675711630
77352.7645907013
-323620.1572227516
-209058.8989660706
41200.8732889290
-59149.1721364391
116724.6990299940
-46774.5388672295
-136022.8726652342
-28502.8682696686
-86289.9396562801
49922.2546653708
2980.3882644204
-281865.2052763574
116297.2373649539
-121775.3379322061
133118.5587267764
-188923.1300280631
-61571.1956871997
67831.2047905038
82223.5283157345
25403.0875510822
-145686.4518027876
-56945.1735184037
217236.2737735215
267952.9983876934
203617.5188293507
112873.7769258850
-39052.8807730240
81570.0204526009
344606.5704016676
171523.5147943671
-36860.7134000326
169247.9443172604
-94798.3466068423
352273.8175466670
5360.4429549886
392469.5882378398
-8836.2901091850
102264.9266855311
97116.3405402433
117335.1905330778
152176.4018303064
-2010.4190195360
-265625.8179416564
-132333.4714498165
-12945.8198979180
11605.5710441189
129355.6830701731
324625.3496904063
-100018.6985857522
-73846.0052318220
-119293.3827270320
14947.4100928523
-65445.0351025058
-214277.4798240866
79176.8018180276
-238698.4662615993
77973.6665255213
-99322.6329687075
-103227.9535177452
23963.7798971646
5974.8151191112
253230.5927968222
-35714.0982405959
-7354.4248224881
48649.2590222493
-305486.8194800685
-10305.8944723271
460474.7813611304
-71625.9817372565
289073.1040507196
154944.1699467139
30553.6855737921
151626.9331645185
-102197.5508565705
37002.7796643508
188528.6984191870
221442.6264572769
32093.8075160092
37413.6943909651
-7213.2597293716
-62881.3692889881
-52433.4777524578
172017.0620087486
-232594.2994397840
206001.9856556138
-172997.0155256208
-80819.5570696110
-90087.6694317289
-336016.6336613830
-167257.2516593127
-292911.2219372653
-192043.3686078563
59989.0379722863
163835.4644814472
1589.0719213316
-103376.6920993812
246757.9690221022
-88767.9210293543
39887.0840026385
40496.6278956643
-6465.4690728995
120671.3153129081
40103.0406787349
30404.4268600253
147579.0902254449
-15423.6099891104
38155.0309083308
-36251.4523106461
187416.5256166400
-95108.7729450214
144999.8922904585
-202304.8678628670
112236.4403841357
-85315.8263654675
61235.1775370321
35374.0107102198
-12125.9281646397
72194.9959712611
102112.9523291383
-5066.9348995984
-66270.3151372116
-77254.3591793461
-106439.7788855190
-50497.7845936768
169915.1738506329
-79810.9094665381
119351.3074901154
224114.5364399267
REAL 273.0000000000
