9.205399e+07
98860852.1234055543
101852902.1615722012
122205163.2284640266
57999310.4178088933
107314929.0364547676
122468372.6597801284
78916166.1476513057
77344777.1960879312
88010589.1897472638
102036376.9573709639
99861310.6351134177
93712815.4375992164
114657327.8529922387
45690532.5708301881
108867616.0216793956
113151680.0905964439
141388254.9981803306
109917702.1818359465
110507185.9246671559
82927214.2829840581
105152463.1298299274
65723868.2745598333
77147876.5191102151
109043538.4644737042
118650452.8947688786
126138505.9046994051
81618287.0204905344
121490925.7234085353
78581024.6287794868
107534564.6395088658
135573904.0814732127
97852256.8772071141
85035159.1237800953
81930955.0035864063
82007484.8430389866
121874832.2226394331
60502113.5360295527
74929564.4555533829
125158208.5960021706
63514074.7543835808
108023873.1632297813
128999083.6949635865
58079244.3067007995
133436486.1240234763
91757141.5247550397
110873461.4049193451
71742516.6815448358
94470329.9904949018
108784169.5111157043
83649719.8830600393
62560993.1813263073
142905565.7932117041
61614483.2034932734
102312503.3529010652
169042793.3429240170
114085132.7405688150
115249749.3475844154
64810245.4015496717
146874217.7581616680
107786216.2459473396
117896528.9000607720
114501488.7242977013
95004033.6949873529
95250953.4491343747
121963086.6609587217
112521661.4684383510
78081755.3664198211
93530744.5520232755
66486990.7714425705
103419646.6713918280
103935461.1180769708
59877439.6410892783
82034214.8673025175
166035247.8893843710
126701202.3022918769
115160384.2558512406
146834933.0854076236
100308851.9848273561
142928078.6229392760
111560606.9209175174
103740086.7503030920
122918069.1168802388
121781626.3442330217
99894410.4287453665
88567477.9714736381
123333793.5687813379
133413966.7110929502
106337975.3397662802
120713720.4500325780
132670377.0264118315
89816438.6397117231
86098591.8537831378
91746277.8537918488
82611007.0020320092
126158942.1912485915
112220504.3806273737
85915608.0393280341
111111729.2753919543
52005624.2537817691
REAL 99312706.0000000000
