1.045210e+08
100850685.6238747608
97425952.6469047304
104760139.8867507290
101534609.1269140686
104959413.0169007569
100663913.9903588639
100985404.6950442253
99507807.3481777274
100538805.9802997781
103234977.3283488810
96333443.9374154031
97979741.8944618743
101872108.1957480489
103846003.0030201815
99507536.1710307339
99637875.6411651321
99789814.0436435730
101294284.4728258913
99954212.4288139867
96542488.7527130024
98127191.2966342564
100398645.5412718871
104725298.8174877336
104149016.9707393250
99899451.1474269193
96880736.2132577104
98679440.0634741599
94473671.0198258051
98152573.2349786042
102134761.4123731809
98601832.5247408551
99279671.2598546757
106589243.2573319196
100141361.8075694198
103164548.1276013236
97484799.9331929765
97621650.3766063828
99105212.7809804957
98603874.1827576699
99017904.3550877549
97181170.2720749964
102956944.6435288466
100692973.0230854658
99356561.1943213641
102343342.7004200330
102777445.2940567440
96315016.1042147310
92727208.1920592988
99466120.3265942103
99848770.3482535844
97859476.8719552202
100769538.2518710870
102817994.8002098033
104134481.9014477185
99984115.1076223344
102587892.1825137650
95876102.1576865829
104747282.4287954265
98269794.6322050278
97508030.1477713643
99261229.8991624030
97952292.5051980424
103994286.6048842350
98448772.4270503352
97686642.2935485641
100691814.6748394646
98189896.8168732323
103341887.3746041919
100734747.9988923698
100304332.6898278936
100242807.9329089060
98326314.1996825024
96681106.2750451123
98117096.0807474564
99946402.1670911983
99841120.6010403484
100174702.3640272019
99029861.9482494261
101685216.1010972178
99294667.8952550429
99251475.5997518572
102146410.9776930790
101760920.5395047525
101247123.6123675646
97291873.6097694352
98489950.9955138231
99491068.1715957049
100587255.4282692293
101916261.9497801105
98903505.8894239063
102875310.6813807039
99440773.5153811758
97804620.4066577292
96335942.8147753843
100554526.6001584355
98893191.8804078564
105600639.0583376646
101700903.3090335146
98693945.4817426211
REAL 99312706.0000000000
