9.954148e+07
99658843.5221575413
99346212.5642439410
97243000.9483868711
98823524.5945712871
99274458.8713388583
99095226.2788901948
99895135.1813961612
97727123.4011979329
100304399.8229083218
99163101.5930155683
100003775.8711646418
98772943.1758611089
100211368.5442372939
97548704.0214530023
100418923.5467441718
96950935.3565622254
99763157.8014856616
98456507.1211392977
100498093.2273993939
98696197.3744945650
99198510.7759849330
99923577.4937562705
98503491.8606870398
98588103.6124688390
99434426.7377753646
97686635.1203827730
99549300.3638397077
97325115.0062606053
99547757.3902965893
98550393.6856559042
99253314.2322276617
100019653.4806091093
98418936.1949666460
99641587.4952223641
100067712.1476386770
99730535.8922593239
100881386.3582325715
100177105.0623781895
99130652.7601667200
98462680.4602645189
99496677.6546772573
98622787.6661106928
99424519.6133419394
100104972.1170960058
99074141.2847208653
99563235.2888647497
99562353.4148245836
98680042.3130066692
98795796.0747579251
97679111.5362133101
98949149.1746966264
98635764.5187184852
99929535.2873243597
99863056.7140540707
100851806.7785280083
99226685.2105035813
98672092.5950710183
98742561.8889998620
98334300.8931342360
99456889.0518805279
99509693.8858211937
99353366.6985521430
99244479.0975115306
99641756.7697307898
99142885.8049364727
99654701.4077959952
99974060.2545971671
99832030.0301488552
99398973.9716578000
99087814.3276312355
99153988.7551655566
98467421.4566947803
98124376.0175285036
99640340.2435796986
99262795.1422176227
99055697.6025058721
100133237.6304089108
100592877.9708613919
97968263.7480501897
99114778.9047122691
98421437.8592120496
99202439.8395852555
100672176.7040046991
98560194.3971888653
99677791.4615706077
99477916.5171293569
98351384.8665305119
99458151.6542739112
98757531.5408786661
98456957.1738740843
99027281.4669273719
100062653.5465862634
99856799.5364308257
100233330.5500839430
98738891.1531826292
98335315.7579724468
99201836.2222054347
98743832.3918641267
99582340.2619815728
REAL 99312706.0000000000
