1.648562e+07
15519249.4883768971
17643336.7323310607
15075280.5288063606
17239959.6915307259
15953893.1330818821
16655637.6887419848
17112241.7128484264
16905146.8188946567
16482666.5167616799
16686029.1088433595
17766776.2963850090
17290622.6532665557
18281160.3202372421
19421692.6131424490
20013025.6770354136
17099329.8179544581
17170831.7722196325
16254888.5622103836
17716432.3495141165
17311750.7802393817
18780877.6243004258
18788023.5299611830
17909136.1322888526
17942226.0680501725
16776407.6377048966
18758184.2656907678
15540910.7694529322
18690263.4262053398
15810287.5631957813
17512003.7718637147
18373609.6917654697
20033779.3919314675
18235765.9740115944
17246917.5959823652
16645854.8197748144
16911891.1861807417
15870995.5440860962
17795722.2247765962
16973764.2745418995
18826256.4942761929
17417395.7302504862
16724027.9108859778
18601329.1043742704
16957661.6751548797
19529072.4390439385
16861531.2142652352
16357627.3281151109
16356639.8512463955
18368886.2485750366
REAL 17435622.0000000000
