1.765692e+07
18017132.1413625087
17709781.7351432715
17452334.3918137469
17454017.6123789963
17578626.6948844318
18410754.7318679503
17094535.5108047601
16789273.8491140810
18896139.2354094357
16763157.4978942649
17051812.2705681774
17020801.9171983780
17304275.4246924090
18127433.5250759515
17597426.0198102888
17639086.0473602894
17788589.0018719874
16824720.4931716191
17774064.8702963573
17372034.0151708126
16969725.9101940254
17865847.8807996645
17447369.0190804646
16617421.2005978987
16469396.3670396309
17668745.6497247965
16156545.0791826116
17255009.1825918425
17054579.1840101040
18320126.2991109584
17266649.9143660014
17550405.8938097928
16726422.2395631763
16878756.2588743296
16998699.1541261718
16783579.3817971837
18320991.1587463080
17231755.1114933510
17436284.9606351616
18015275.0036755656
17338216.7589006231
16869484.9435852280
18148283.2298335995
17648841.8931320012
18028267.1608283138
17064463.1262488060
17681818.2322128374
18027684.4301685638
17485831.8949085747
17494197.7135386942
17608190.4838657246
18408241.2690185788
17447886.7460948959
17318990.8881025018
17291958.9628271281
16672227.1700550225
17102690.7775267053
17770395.5194814267
18334507.5938823975
17439294.5315845643
18759479.6684655841
17452438.7716683184
18140510.4392617295
17726210.6106465760
17806920.9114592029
18082108.7889237949
17726495.4045290502
17897587.3683817190
17558439.5176330761
16493360.2076453784
17066989.6960836912
17561733.3233816051
16917793.9866450585
16948067.0869658705
17910131.5166310787
17248013.5407008351
17707695.8201903462
18492207.1693733316
17481813.9486646413
17395035.1525489640
17736274.8351658788
17625974.5999647069
16758561.1574029113
16109032.5594788089
17572205.0085289089
18306541.3522444474
16550556.6612287231
17327097.3752246683
17308140.0816102347
17552084.1864129898
18185323.4849214700
17739227.7390661814
18222060.9997875684
16305557.6805168242
17001192.2970156108
18145716.5605136981
17333890.2904397865
17551180.0648484688
16792383.5228597291
REAL 17435622.0000000000
