9.086638e+07
100118468.5499644075
102227181.8417994735
102482860.7554769414
99287893.0157757561
99798561.4890895900
100154702.0939666906
98048002.6631097727
104510672.1228957218
100034306.0315792101
111834276.1470951777
95163837.5951933620
96105777.2506930353
99626039.1294226038
95823872.2148507004
103286075.1494713489
103617982.2993115423
95184451.0035290428
98228809.2859501491
105838177.1017557980
100331226.4954403732
97921327.5742782286
102536592.0234810926
93136872.5640317930
107370967.9458250981
97984287.3220623468
86347549.2058367994
94570170.4652617706
100784455.0966617954
95270829.5484321936
86526830.5400920199
104634926.6462924605
102305356.5862076631
100188673.0326856290
89540299.7345769879
90920346.5657160560
100076737.1203476682
101251628.6483606568
100629434.2120165591
93545649.2021373592
95201000.0042464108
106571875.2287419226
96620293.6862868620
94806151.3692055965
100946539.7058121603
102512963.5466945921
105239926.1510966549
97930571.4501661071
95110992.0796006850
90925507.9615496966
96533519.5421619888
96621902.5660201730
94458286.1988283638
107127795.7318597547
95820560.0983962240
100649402.1248139480
88102371.6588194318
94162439.7653491517
104254824.4976465385
103796571.2054994806
89854490.3560960154
93421905.1292422358
94991349.7705102119
106184192.5481342152
96044575.6522969046
101384251.2029794783
101348853.1959730609
89326927.7654355652
89595147.7226400388
88166773.5135961944
113657058.0846165579
97098719.7535151065
95976871.7778217734
99970408.9844970058
96439989.1607127131
100003182.4239162430
91580449.5846198256
95313714.4854756032
104706820.9110208298
95089427.4987045285
95808224.5638691850
96306910.3576811626
101318694.9209007467
100209697.3791779902
100549318.4872947321
92710485.1045488208
97979223.4715297990
106861981.5445938014
98286725.9771010678
94657774.9215361812
95518451.0957799332
99142194.3425957391
104907566.1224834038
99734894.8147685984
98835051.8290267554
94813428.0091740309
98300029.5760752570
97087008.0145601927
97132521.1075372736
97009987.3412734283
REAL 97787536.0000000000
