9.816430e+07
97886062.0301245093
97279427.0684634390
97447207.6133726553
97691228.6429614363
98431843.8601738888
97185120.9258174353
96810322.3268908466
97941443.9328943360
97833560.7633648525
98945938.6310501163
98289653.4585956275
98042671.6980211309
98423142.5675757061
98386349.3936991386
96304961.6325826711
97762792.2099935992
97705635.2092298392
98102170.4727999629
97877252.3719444318
96752330.2212792708
98540461.0548752862
97672948.6797831988
99137518.8491586373
97151641.6116452197
98450086.9497789119
97891897.3017342323
97695383.4392014586
96420724.6296419124
98136942.5118417490
97066526.0203170479
96950621.0390965936
96493248.3114290575
97708010.9002336556
97722271.2431365666
98097913.0304099845
97073813.0927998064
98556524.5886636910
98106778.8260188617
98532572.1454304232
98021322.0469267412
98432846.0352308130
97858229.7407354089
97583878.7752911600
97537542.8514646059
97970043.0721129921
98340003.8628801128
97955338.3145811493
96930763.7391742093
98666597.4772454147
97820413.6500930389
97015597.1723051848
97104796.1211536232
96445576.2337020557
98429095.5238736841
97601484.0604234193
98571775.3853949251
97781003.6995401524
98602114.7385978329
99106440.9749578833
96281474.9648311046
97904119.0318979634
97619058.3030391439
96161040.1278209991
99834650.1904565771
97620641.3125789867
98302217.1147961192
98889614.5169344134
97908641.5846144878
96234754.1024316804
98194734.9260023761
99043686.7048356849
97839799.7215530485
97747284.1245720911
98159802.5225463350
97771886.7926995549
97395737.6230742419
96841410.0732051935
97060046.4513595944
97088002.8992382890
97945763.6133161259
97837895.3283610749
98004932.9108767807
96271636.9902701701
97535648.2691639308
97100006.6729064868
95939073.8944595064
96900902.2206679603
98000864.4049854097
97953796.3569378302
96846039.9606530871
97273917.2157932830
97513103.1519082545
97877971.3233812441
98589424.7266112354
98931259.0561488519
96989713.0440752124
97905940.4978111211
96501924.9043167172
96174845.2623279527
REAL 97787536.0000000000
