-6.466623e+04
-51130.8296394846
-19683.5355546600
-22465.3225586587
-98804.9623025888
35718.0456014267
-10088.9891690323
-19587.5711216620
-68078.4806643107
-38931.2994250912
-50961.4573839402
-23277.7537391153
5101.1686481912
41083.6493751283
-38105.6019089362
-4646.9753667275
-98656.9109415773
-37087.2061482028
63786.2903920574
47661.1737560907
-11302.3093249791
52046.1272645735
-15910.6210309200
53257.7631818446
-11477.0114488666
-29082.4662099742
79685.5921028040
-1693.3253960176
-49226.1034611320
16181.6696736573
14625.2254502449
87199.0394766246
26288.7279922075
25171.1348436307
-100793.9240482499
-50008.2221533281
-54931.8965629090
23500.6426623959
69773.3991882117
56749.4326583902
13737.1364624195
-83420.4551433302
-100129.5824621605
45679.4487365069
12908.2146747582
-60978.5269347926
19228.0243932599
-64492.3734729983
43400.4572775282
10700.1930235335
-40672.0523635814
-34057.4147560385
-66646.3753820392
22838.7591124048
19199.9169855401
17292.5661938598
-69154.2748759468
-3869.2961913611
10084.4911164875
-54618.1453462970
596.1715687403
69805.8672357159
-68856.5020258095
111537.3237155006
-11365.7006413202
-16701.9184762960
-36722.3067565121
93834.5685269852
-3921.6927728116
-17354.5632437655
58501.3123405570
-54614.7584919942
-59627.5659954600
199.4227381612
46.8411293137
-33668.0257041163
40260.6782374456
42353.5574809442
29610.6496716379
12495.7418015114
60626.8633371965
72337.1538939612
-140106.8111647175
146653.8822208244
10104.7425167902
74998.4723311577
31696.3119422065
-43865.5993019635
45605.8214673100
-74650.9778770845
-21612.5820294826
13420.9073743340
38872.5489107223
-5601.5334235925
-68198.8228073331
28141.8726214736
47416.5079918439
-109591.0595448237
-60144.5806343055
-91219.0480788347
-4905.8331355988
34201.3547874467
-37940.6928318348
-40075.7222844082
-57253.6683652840
47029.0395957320
684.8140464292
15009.9492497230
-91621.7438349006
162961.3148163258
-51727.9430693742
40168.0154610468
15411.5251400122
47187.2900082623
66435.3370248223
8856.3986731150
38380.1640829182
-115271.7654059174
12105.1262770130
-69834.4942330292
-21693.9226899574
-78303.2728043921
37154.7915413853
27393.4410459879
13393.3837554117
29296.3197728043
-45537.7661269795
22763.1907183381
-41926.6217111668
-58739.0955966599
60906.1011939679
148039.4218878604
-2100.4236629472
29754.3513806890
-21909.6215977911
50353.3336261037
19905.3287503787
56434.1368391622
42168.5474361560
-105280.1705743482
21351.4318077412
53652.4754028217
31616.7648921578
23329.6404217651
-26691.3005787433
-13129.1206526721
-45805.9357544927
52344.3361508373
-24078.1451705875
12698.9081436486
-33381.2687728667
10582.5451025286
25551.0367568835
11035.1261786666
20995.6761326186
-4391.3211045269
-77173.1922097032
-73671.9998773464
54342.7392811316
-5230.9409867469
37718.9697232558
-42448.6443600661
-40864.9263874356
33734.5456851975
-52695.7163996450
-91755.7294603309
-30711.5841731011
115193.8715897869
-40659.5878639759
89731.6999121991
53370.5496755845
9572.8013180087
36458.3837533296
-45621.7110017940
-91913.4273911640
-32299.4924853584
71610.8537701580
8561.4273952313
23125.7860162275
138331.3064439124
113552.2970833365
-542.3531901616
9486.0683713982
-24633.1181968119
6550.5050234993
890.3362100657
38409.9306954590
-42600.9037989761
30087.6971571532
-50998.5988601455
8381.9164030800
91071.7448427759
-28977.5377050201
-10427.5042551072
56148.0739613255
42080.6412038441
-92416.3825317411
8452.6228593735
84337.1217929153
37112.7050435634
REAL 12.0000000000
