3.463181e+01
-9.5038922919
-31.5527810512
-5.6380346097
-0.5430530150
-42.7021479454
-86.8880089183
54.1868509344
-82.1396122902
-50.3641173122
11.4404376468
37.6673273059
32.9134933388
-28.7243895876
25.5692116439
-70.8123787738
43.4217887822
46.6249030046
-14.1912084828
25.4906423108
89.4139499898
-11.3985633917
-9.4588846116
71.2721206230
-100.0045681298
5.8499782734
-29.9207150783
-61.1492697383
52.3622208085
60.4465055841
37.8371780384
-80.8521226491
18.0087727116
-46.4055731798
-16.8642810106
96.3322059627
4.1367125051
72.3837424408
78.0846874041
-91.9736816802
38.8052107467
82.4509481274
53.7800729455
27.6198917532
-16.6805503172
36.6992421812
-63.5723518855
-28.6304478744
88.6832282077
82.7764002849
65.7087934941
-37.7262520563
44.6424747959
-4.5481979673
-21.5507124381
26.6959101914
-11.6333603614
-13.0696999478
-57.7144173508
133.2246054440
91.8668867609
-2.4691821670
-19.4408894701
3.1440360364
-48.9253635950
-34.3100747297
-82.4723651288
13.8656953491
70.7660046541
5.4309601774
-9.6791641017
-2.6126322856
-11.8800867395
49.7121593256
110.0267160791
-77.3094406739
44.2951686109
36.8141190141
-49.3383720571
135.1065782248
38.1277260611
-58.4981287463
-50.7048018060
26.6240746933
-59.6475232201
51.9642722201
-77.5270332969
-101.8003061162
31.1363597963
52.8402388728
-33.0451773652
84.0469206287
-51.8832387534
41.1267871598
62.6022671059
140.4263494597
-56.1120897502
-45.4054893265
-39.9975341260
-105.8122732973
-68.0509161335
-3.5342701526
-57.5854734957
71.0426425783
-1.8175896336
32.3963296314
-33.5403323858
51.0967780702
-57.5044184049
21.8730680863
19.4786209164
12.8360508278
67.3653100407
-18.5590099357
-18.4570483810
28.9897440902
-34.5201068683
14.1471773070
-169.0426507588
27.2409126617
68.2996404036
-16.1755811245
31.6453498972
-119.6714662797
-91.8576179710
-55.5904735640
20.4871028070
-64.1201797864
19.9162893841
0.3558276665
-10.5235089350
0.0787095698
-28.3338925551
-19.1351180183
-50.2690593769
72.1134906403
20.3154691034
70.9593727769
81.1681751896
-9.0114750679
121.2036830740
51.4387744911
24.6654246596
66.4510999057
8.6066194532
96.4842255440
-107.5036883518
-51.8742179214
-49.5589877851
-135.6276178597
-9.6679288826
7.1639142739
125.3647330748
-85.7185214151
-96.4671927323
-21.3073088545
29.1084072558
-149.1550626255
55.6100997914
-46.8539435019
197.2517681226
58.0215779033
61.5386227781
69.8406775304
19.7046408642
-18.1618348470
-59.7359560991
-4.2325762314
57.1636710498
17.3245127808
32.3084723208
156.8378670626
-21.4655276442
-5.3689755905
-51.3709944332
-67.9005970560
229.8130987943
103.5613653952
-12.8878848404
4.6853891022
25.7677936369
117.4800994374
49.2418590931
-37.6765564484
70.4147679545
73.0553782764
70.9013238563
15.5796551086
40.4112348169
-30.4830196449
-77.0949640427
52.1800133101
17.9848239905
-39.3957577359
-14.3588656604
-53.8545679095
-47.9135009019
59.6468617421
-121.6139995137
-109.5183916832
REAL 12.0000000000
