7.333716e+03
4960.4001292017
-9103.3481697529
1915.3624622845
9680.7273837212
9633.5914153168
-5046.9431849400
4927.8651562353
3014.9496729755
6407.5151586875
18101.6802810634
-9697.1676535890
277.8382452962
-23167.9077259410
7527.3532109932
1285.4454304182
-2248.1864315259
8530.0961088196
3292.0173886581
-24181.7409057776
-4087.2845213921
1734.8163458377
6029.0576555063
-9141.1665662689
12516.2160397183
6972.3405115984
7137.1174261830
-20274.7824443524
20673.7874767164
7178.2490640903
1004.5104687296
15202.2497981722
6589.9959181460
-949.9142408530
3480.2896307695
2464.3147862190
-6848.5832945313
17707.6473533442
3783.0251387340
2564.1772871025
6564.5580118308
5047.6003604793
17451.0059833096
-4023.5947501690
-12878.5865109327
8232.2597856168
-4019.7578283926
11515.9668454873
15503.3089228643
76.9471439362
7583.5713866938
-4621.5937995730
8883.8882368027
4769.4504551327
12406.7027072619
-13310.1799884431
-7417.8486014719
4735.2245232455
2337.5704317945
-24225.4684967024
-3607.8831315908
-7852.0090959151
21747.5669605576
-999.4636512250
9893.9322283928
14227.3176398764
-10289.9181484207
6638.8944769932
1651.3725113945
-9019.0531029423
-5832.1603609255
4211.8328929828
3289.9543579854
11497.2217961568
-23980.2269884012
19238.3415449315
13957.6148319025
10825.0175287771
4682.9382472603
14520.0666170259
10052.7571659707
2736.7129621773
-5307.1961186423
10581.8081196131
-19275.2740439402
-12510.8010464620
-13203.3220483758
-409.7441613919
-11374.5983797091
8028.8830361695
-4622.0860291548
14735.7759674647
13992.2698899814
2692.1487349107
10497.2898938903
7352.3147685559
-16547.5793747828
-9438.2336237183
17123.3531887870
-2780.6555759065
31897.6943176075
13177.5488604051
-10389.7506686466
-11796.8515758887
13422.5550401027
463.3575585529
-1508.1620958135
10121.0450990890
-21889.2168783616
-3242.6077157630
-9686.6875143733
-11497.6725728662
9312.6599842404
-3718.6247194265
-1074.4558318399
-873.3496327743
11222.7342427293
11536.4178583307
11201.2335875942
3359.6594298821
10799.9521931151
1407.0030693565
7055.3425124471
-4366.9848602829
10420.2325665308
4537.8053420363
-2853.8634343436
5080.2533278198
-7776.4820831942
8000.5218002214
-3236.0548982654
21290.6772693888
-6116.1008888523
6871.8924731056
15453.0403179098
1467.6787667166
-12435.1227815526
-3523.5403492590
-7231.7282818346
8009.2303452293
-785.4999048429
-2884.1985043455
465.8130755047
-7874.1000722985
15420.4480673463
-3431.1187173673
10446.1283300799
2461.7511800250
1534.2302380293
-16848.1073738472
-4857.1327896467
-8869.0507974888
13460.7773195453
5304.1139397934
-14069.4127386214
-3027.9809351992
10826.8329020134
24182.1076755309
14876.0782687209
4535.0618627849
7490.0257514384
6568.4296693904
-14330.5381180377
643.7938360070
4531.6441352347
-17428.9182140290
13053.1285709165
5479.3254723868
6621.2382630913
606.2089056514
-6797.3547325021
7694.2603604637
10783.3206443380
11561.9465450412
16403.0440229507
7240.3905722653
8392.5674981753
-17237.6541662070
-9854.6159139681
10454.6300061985
3133.2163430145
-15513.5507427819
15830.9677538644
-6338.9578751188
5961.6786666697
-8755.5522417836
17585.6827163299
-1818.3156388502
33216.8132191149
-13517.5028515367
10344.4750160953
-5499.4131370990
5688.3560819737
5484.5106647252
3875.3444946658
3492.6551511535
-4629.8496748872
-17566.6125614797
-11791.8615110906
5357.1618924807
REAL 1662.0000000000
