-5.014689e+02
-142.1529841944
-552.6194259666
1116.1606084246
-5331.4697853432
-327.1758398573
3831.9596712915
5714.3143052226
-3796.4910772398
-332.8302432396
4077.9298908137
3100.6323540640
1484.0142034855
2933.1816008351
3143.5498423679
5570.2341734543
4145.4090114303
-1740.2743827734
1776.8936238392
254.2009646734
-3438.3650463327
5609.9287528046
90.2010302380
-642.0820024177
-3216.1303541863
-3687.6638099940
9870.9416798439
328.4715488042
-1001.0019011819
1453.7897229794
-2775.4716641648
-1087.4476614983
2090.2156825241
4993.9868697568
4487.4836244062
569.1713974305
-1434.9114143632
6006.8007748617
-1430.4914190431
434.0599615147
2968.0880869558
3181.9224945972
-705.1583091707
5674.8060568528
-2893.1895591118
-2.5229641960
2555.6272122103
-2971.1693515726
-1635.2857344600
1825.9629259445
-1173.3553187879
352.8412068306
2407.5448227032
1940.4829889956
3849.9766949546
633.6276809158
3374.8923803773
178.9833052724
1451.4933489961
-1230.2888227387
-1246.2748958272
5905.1714874694
-1291.2434162744
158.0094045987
-2199.7398968966
5797.4096530501
-652.5002801020
3038.2338780630
1662.0329458887
-2662.7287389588
6511.6847701330
3063.4089756660
1409.0561179457
3210.9798285539
-1180.0663574001
461.3653405830
-102.2265449918
4206.1978285303
2277.0535601429
9937.3770958150
5970.2640708520
2025.7453704527
4405.8685382447
3319.2411825671
3103.6288256910
2505.1769593522
1170.5774092225
6489.7070307427
-2336.9454054517
-1674.6935543820
3870.2940501901
-263.7393030482
-1414.8102448966
2466.5812699821
214.1125971565
5027.3392009430
2403.9167212667
792.9260225308
4758.5568951464
-466.9859874467
-599.6178528334
-3267.1154250495
-1014.8771797471
-772.0863817804
3603.7613130959
-289.7895438456
-2229.8286536322
-3706.6817782556
2799.3805484965
-6148.7131024125
125.8409959209
3776.0953480980
4888.6796447551
2931.9362712030
5595.9302332572
-878.7696031457
4506.7273700695
-1885.5418307552
-394.8743649379
2719.4020702320
4366.8068256403
4625.6234060757
5092.1070442611
-1429.5396364343
-2434.7484392541
3203.2411319658
2200.6811082767
-4696.0842688185
3896.7174670382
6750.6984156001
4459.8460474232
1229.5729704469
7825.3822913258
143.4340007774
-1347.5922380687
-687.4545688057
-1153.1578377382
7242.2083474468
-1597.4207233514
855.8023630470
-1974.1971958124
2975.8876425523
2404.7419052497
-802.3790998733
-2161.2689590837
1316.0048575965
5594.0720352667
2871.8160826466
-3053.3353607830
3432.2200732138
1693.0597727573
1232.5483652164
-1884.4334551760
3075.2028765273
9205.7241100877
-1217.4320724581
1028.3823345109
5379.1302478875
482.3515314634
3417.1053829551
-1042.2736206803
1783.0932171522
1978.9420632741
2144.4319079803
-3042.1695770561
5254.6897288087
-2045.7522883656
6106.8410078008
-2623.3929572030
-2526.3157535677
742.9699574871
947.1692622927
2079.1468668066
5891.0092969650
-3272.5010251266
-86.8153418261
1993.9844193267
3274.8846499346
-2784.4013636414
2741.7594101066
3428.2254460542
2054.5699205515
5002.3281669216
-2325.0192544081
-4491.6089623324
257.6539330826
3599.5817950173
752.6967426772
11.6998695496
-2709.9210641338
-1182.4914036717
373.8922253424
1247.3938383474
3040.6661683534
-3410.2954204400
3657.8608573574
3988.8681599454
-297.7578251413
1932.2227567109
299.7950034125
REAL 1662.0000000000
